0                         1.7948096414386443
0.0016666666666666674     1.7948594074996658
0.003333333333333335      1.7950089450385338
0.005000000000000003      1.7952582540552482
0.00666666666666667       1.7956073345498094
0.008333333333333338      1.7960561865222175
0.010000000000000005      1.7966048099724723
0.011666666666666672      1.797253167920845
0.013333333333333341      1.7980015921214643
0.015000000000000008      1.79885008257433
0.016666666666666677      1.7997986392794427
0.018333333333333344      1.8008472622368024
0.02000000000000001       1.8019959514464086
0.02166666666666668       1.8032448260738532
0.02333333333333335       1.804594366459611
0.025000000000000015      1.8060445726036825
0.026666666666666682      1.8075954445060671
0.02833333333333335       1.8092469821667652
0.030000000000000016      1.8109991855857768
0.03166666666666668       1.8128523241430003
0.033333333333333354      1.8148070305241895
0.03500000000000002       1.816863304729344
0.03666666666666669       1.819021146758464
0.03833333333333336       1.8212805566115498
0.04000000000000002       1.8236415342886008
0.04166666666666669       1.8261045002572136
0.04333333333333336       1.8286702415406342
0.045000000000000026      1.831338758138862
0.0466666666666667        1.8341100500518976
0.04833333333333336       1.8369841172797408
0.05000000000000003       1.8399609598223916
0.051666666666666694      1.8430411507468822
0.05333333333333337       1.8462256339042333
0.055000000000000035      1.849514409294445
0.0566666666666667        1.8529074769175171
0.058333333333333376      1.85640483677345
0.06000000000000004       1.8600064888622434
0.06166666666666671       1.8637131608896966
0.06333333333333338       1.8675259565490208
0.06500000000000004       1.8714448758402156
0.06666666666666671       1.8754699187632813
0.06833333333333338       1.8796010853182181
0.07000000000000005       1.8838383755050256
0.07166666666666671       1.8881826742287202
0.07333333333333339       1.8926352485738465
0.07500000000000005       1.8971960985404048
0.07666666666666672       1.9018652241283949
0.0783333333333334        1.9066426253378168
0.08000000000000006       1.9115283021686706
0.08166666666666673       1.9165232998129753
0.0833333333333334        1.921629052842545
0.08500000000000006       1.9268455612573803
0.08666666666666673       1.9321728250574812
0.08833333333333339       1.9376108442428481
0.09000000000000007       1.9431596188134805
0.09166666666666673       1.9488203578736294
0.09333333333333341       1.9545946681392214
0.09500000000000007       1.960482549610257
0.09666666666666673       1.9664840022867358
0.09833333333333341       1.972599026168658
0.10000000000000007       1.9788276212560234
0.10166666666666674       1.9851711647405088
0.10333333333333342       1.9916314407160567
0.10500000000000008       1.9982084491826673
0.10666666666666674       2.0049021901403403
0.10833333333333342       2.0117126635890763
0.11000000000000008       2.018639869528875
0.11166666666666676       2.025685357978615
0.11333333333333342       2.0328510962394413
0.11500000000000009       2.040137084311354
0.11666666666666675       2.0475433221943535
0.11833333333333342       2.05506980988844
0.12000000000000009       2.062716547393613
0.12166666666666676       2.070485262876981
0.12333333333333343       2.078378113291688
0.1250000000000001        2.086395098637734
0.12666666666666676       2.094536218915119
0.12833333333333344       2.102801474123843
0.13000000000000012       2.1111908642639063
0.1316666666666668        2.1197063015716613
0.13333333333333347       2.1283501397351605
0.13500000000000012       2.137122378754403
0.13666666666666677       2.1460230186293896
0.13833333333333347       2.1550520593601203
0.14000000000000012       2.1642095009465945
0.1416666666666668        2.1734974462362744
0.14333333333333348       2.1829184533978943
0.14500000000000013       2.192472522431454
0.1466666666666668        2.2021596533369534
0.14833333333333346       2.2119798461143927
0.15000000000000013       2.221933100763772
0.1516666666666668        2.232021717929431
0.1533333333333335        2.242248468696517
0.15500000000000014       2.25261335306503
0.15666666666666682       2.2631163710349695
0.1583333333333335        2.2737575226063362
0.16000000000000014       2.28453680777913
0.16166666666666682       2.2954567328495745
0.1633333333333335        2.306520290974441
0.16500000000000015       2.317727482153729
0.1666666666666668        2.329078306387439
0.1683333333333335        2.340572763675571
0.17000000000000015       2.352210854018125
0.17166666666666683       2.3639952979151424
0.1733333333333335        2.375929320501779
0.17500000000000016       2.388012921778035
0.17666666666666683       2.4002461017439107
0.17833333333333348       2.412628860399406
0.18000000000000016       2.425161197744521
0.1816666666666668        2.437846057762135
0.18333333333333351       2.450686908258821
0.18500000000000016       2.4636837492345784
0.18666666666666681       2.4768365806894077
0.18833333333333352       2.4901454026233085
0.19000000000000017       2.5036102150362813
0.19166666666666685       2.5172341954328843
0.19333333333333352       2.531021065807909
0.19500000000000017       2.5449708261613564
0.19666666666666682       2.5590834764932264
0.19833333333333353       2.5733590168035194
0.20000000000000018       2.587797447092235
0.20166666666666686       2.602402189219689
0.20333333333333353       2.617177231749891
0.20500000000000018       2.6321225746828425
0.20666666666666686       2.647238218018542
0.2083333333333335        2.6625241617569904
0.2100000000000002        2.6779804058981873
0.21166666666666684       2.693610628325768
0.21333333333333354       2.709419097461629
0.2150000000000002        2.7254058133057706
0.21666666666666684       2.741570775858192
0.21833333333333355       2.7579139851188947
0.2200000000000002        2.7744354410878773
0.22166666666666687       2.791139090214334
0.22333333333333355       2.808029495021091
0.2250000000000002        2.825106655508149
0.22666666666666685       2.842370571675507
0.22833333333333353       2.8598212435231667
0.2300000000000002        2.8774586710511265
0.23166666666666688       2.89528708273536
0.23333333333333356       2.913311350447129
0.2350000000000002        2.9315314741864316
0.23666666666666689       2.949947453953269
0.23833333333333354       2.968559289747641
0.2400000000000002        2.987366981569547
0.24166666666666686       3.006375054349517
0.24333333333333357       3.025588705612863
0.24500000000000022       3.0450079353595862
0.24666666666666687       3.064632743589686
0.24833333333333357       3.0844631303031633
0.2500000000000002        3.104499095500017
0.2516666666666669        3.124745476010667
0.2533333333333336        3.145207812435637
0.2550000000000002        3.1658861047749265
0.2566666666666669        3.186780353028535
0.2583333333333336        3.2078905571964635
0.26000000000000023       3.229216717278711
0.26166666666666694       3.250763998523121
0.2633333333333336        3.272538303203503
0.26500000000000024       3.2945396313198567
0.26666666666666694       3.3167679828721828
0.26833333333333353       3.3392233578604813
0.27000000000000024       3.361905756284752
0.2716666666666669        3.3848206894584414
0.2733333333333336        3.407974441169229
0.27500000000000024       3.431367011417115
0.2766666666666669        3.4549984002020997
0.2783333333333336        3.4788686075241837
0.28000000000000025       3.5029776333833658
0.28166666666666695       3.5273313540000153
0.2833333333333336        3.5519364558287787
0.28500000000000025       3.576792938869656
0.2866666666666669        3.6019008031226476
0.2883333333333336        3.627260048587754
0.29000000000000026       3.6528706752649747
0.29166666666666696       3.6787389443828036
0.2933333333333336        3.7048719676031596
0.29500000000000026       3.731269744926045
0.29666666666666697       3.757932276351458
0.29833333333333356       3.784859561879399
0.30000000000000027       3.8120516015098684
0.3016666666666669        3.8395150629118246
0.3033333333333336        3.8672575069616215
0.30500000000000027       3.8952789336592586
0.3066666666666669        3.9235793430047363
0.3083333333333336        3.952158734998055
0.3100000000000003        3.981017109639214
0.311666666666667         4.010161563877125
0.31333333333333363       4.039600133361478
0.3150000000000003        4.069332818092277
0.31666666666666693       4.09935961806952
0.31833333333333363       4.129680533293208
0.3200000000000003        4.160295563763341
0.321666666666667         4.191212260036464
0.32333333333333364       4.222439159736698
0.3250000000000003        4.253976262864047
0.326666666666667         4.2858235694185085
0.3283333333333336        4.317981079400085
0.3300000000000003        4.350448792808774
0.33166666666666694       4.383234739711013
0.33333333333333365       4.416347988644953
0.3350000000000003        4.4497885396105925
0.33666666666666695       4.483556392607934
0.33833333333333365       4.5176515476369765
0.3400000000000003        4.552074004697721
0.341666666666667         4.586832300935346
0.34333333333333366       4.621936066582683
0.3450000000000003        4.657385301639729
0.346666666666667         4.693180006106485
0.34833333333333366       4.7293201799829525
0.3500000000000003        4.7658058232691305
0.351666666666667         4.8026460095224035
0.35333333333333367       4.839850963401123
0.3550000000000003        4.877420684905286
0.356666666666667         4.915355174034897
0.3583333333333336        4.953654430789952
0.3600000000000003        4.992318455170455
0.36166666666666697       5.031356888348398
0.3633333333333337        5.070780584204841
0.3650000000000003        5.110589542739782
0.366666666666667         5.150783763953223
0.3683333333333337        5.191363247845165
0.37000000000000033       5.232327994415606
0.37166666666666703       5.273688245633553
0.3733333333333337        5.31545552158987
0.37500000000000033       5.357629822284556
0.376666666666667         5.400211147717611
0.3783333333333337        5.443199497889036
0.38000000000000034       5.486594872798829
0.38166666666666704       5.530408150493592
0.3833333333333337        5.574651556582421
0.38500000000000034       5.619325091065316
0.38666666666666705       5.664428753942276
0.38833333333333364       5.709962545213302
0.39000000000000035       5.755926464878393
0.391666666666667         5.802332064566229
0.39333333333333376       5.849192317173683
0.39500000000000035       5.896507222700755
0.39666666666666706       5.944276781147447
0.3983333333333337        5.992500992513756
0.40000000000000036       6.041179856799685
0.40166666666666706       6.090325639078111
0.4033333333333337        6.139952103912983
0.40500000000000036       6.1900592513043
0.406666666666667         6.240647081252062
0.4083333333333337        6.291715593756272
0.41000000000000036       6.343264788816925
0.41166666666666707       6.395307687313094
0.4133333333333337        6.447858892622875
0.41500000000000037       6.500918404746267
0.4166666666666671        6.55448622368327
0.41833333333333367       6.608562349433885
0.4200000000000004        6.663146781998112
0.421666666666667         6.7182533430743145
0.4233333333333338        6.773897524937593
0.4250000000000004        6.830079327587946
0.4266666666666671        6.886798751025374
0.42833333333333373       6.94405579524988
0.4300000000000004        7.001850460261459
0.4316666666666671        7.060197416402807
0.43333333333333374       7.119113098043247
0.4350000000000004        7.178597505182778
0.43666666666666704       7.2386506378214
0.43833333333333374       7.299272495959115
0.4400000000000004        7.36046307959592
0.4416666666666671        7.422237958526758
0.44333333333333375       7.48461456571659
0.4450000000000004        7.547592901165413
0.4466666666666671        7.61117296487323
0.4483333333333337        7.675354756840041
0.4500000000000004        7.740138277065844
0.45166666666666705       7.805540048770379
0.4533333333333338        7.871578563521601
0.4550000000000004        7.938253821319509
0.4566666666666671        8.005565822164101
0.45833333333333376       8.073514566055382
0.4600000000000004        8.142100052993346
0.4616666666666671        8.2113398169529
0.46333333333333376       8.281253471832699
0.4650000000000004        8.351841017632742
0.46666666666666706       8.423102454353028
0.46833333333333377       8.495037781993563
0.4700000000000004        8.56764700055434
0.4716666666666671        8.64094871565894
0.47333333333333377       8.714963731212645
0.4750000000000004        8.789692047215457
0.4766666666666671        8.865133663667375
0.4783333333333337        8.941288580568402
0.4800000000000004        9.018156797918534
0.4816666666666671        9.095758057664899
0.48333333333333384       9.174114425585705
0.48500000000000043       9.253225901680949
0.48666666666666714       9.333092485950635
0.4883333333333338        9.413714178394763
0.49000000000000044       9.49509097901333
0.49166666666666703       9.577243834765177
0.4933333333333336        9.660196149615397
0.4950000000000002        9.743947923563987
0.4966666666666668        9.82849915661095
0.4983333333333334        9.91384984875629
0.5                       10
