% Model:              Test 1D axisymetric devoir 2 v2.mph
% Version:            COMSOL 6.0.0.312
% Date:               Oct 28 2022, 16:18
% Dimension:          1
% Nodes:              1501
% Expressions:        1
% Description:        Line graph
% Maillage Plus fin (500 éléments sur l'intervalle)
% Pas de temps temporel: 1 an (31536000)
% Fin du temps: 1e10s (317 ans environ)
% Discrétisation quadratique de la concentration
% R                       Concentration
0                         1.7948093996299639
3.3333333333333327E-4     1.7948113938506702
6.666666666666665E-4      1.79481737656065
9.999999999999998E-4      1.7948273477599042
0.001333333333333333      1.794841307470522
0.0016666666666666663     1.7948592557882277
0.0019999999999999996     1.794881192713022
0.002333333333333333      1.7949071183285885
0.0026666666666666657     1.7949370327904568
0.002999999999999999      1.7949709360986275
0.0033333333333333322     1.7950088283966728
0.0036666666666666653     1.7950507098999746
0.003999999999999998      1.7950965806085335
0.004333333333333331      1.7951464407257682
0.0046666666666666645     1.795200290526908
0.0049999999999999975     1.7952581300119532
0.0053333333333333306     1.7953199594441696
0.005666666666666664      1.7953857791586403
0.005999999999999997      1.795455589155366
0.00633333333333333       1.7955293897574653
0.006666666666666663      1.7956071813598848
0.006999999999999996      1.7956889639626252
0.007333333333333329      1.7957747379486697
0.007666666666666662      1.7958645037728402
0.007999999999999995      1.7959582614351373
0.008333333333333328      1.7960560113784212
0.008666666666666661      1.7961577541174047
0.008999999999999994      1.796263489652088
0.009333333333333327      1.7963732184852228
0.00966666666666666       1.7964869411914293
0.009999999999999993      1.7966046577707078
0.010333333333333326      1.7967263687857187
0.01066666666666666       1.796852074871008
0.010999999999999992      1.796981776026576
0.011333333333333325      1.7971154728750112
0.011666666666666659      1.797253166110806
0.011999999999999992      1.7973948557339612
0.012333333333333325      1.7975405424270132
0.012666666666666656      1.7976902269444248
0.01299999999999999       1.7978439092861966
0.013333333333333324      1.7980015901948365
0.013666666666666657      1.7981632704848025
0.01399999999999999       1.7983289501560944
0.014333333333333323      1.798498630011217
0.014666666666666654      1.7986723109246494
0.014999999999999989      1.7988499928963926
0.015333333333333322      1.799031676788974
0.015666666666666655      1.7992173635369237
0.015999999999999986      1.7994070531402422
0.01633333333333332       1.79960074652151
0.016666666666666653      1.799798444675338
0.016999999999999984      1.8000001476017269
0.01733333333333332       1.800205856283341
0.01766666666666665       1.8004155717749053
0.01799999999999998       1.8006292940764204
0.018333333333333313      1.8008470242306667
0.018666666666666647      1.8010687633525198
0.01899999999999998       1.8012945114419798
0.019333333333333313      1.8015242696019782
0.019666666666666645      1.801758039007576
0.019999999999999976      1.8019958196587742
0.020333333333333307      1.802237612718693
0.02066666666666664       1.8024834194226185
0.020999999999999974      1.8027332397705513
0.02133333333333331       1.8029870749858397
0.02166666666666664       1.803244926364035
0.02199999999999997       1.8035067939051381
0.022333333333333306      1.8037726788927657
0.022666666666666637      1.8040425826827786
0.02299999999999997       1.8043165052751775
0.023333333333333303      1.804594448013891
0.023666666666666634      1.804876412315133
0.023999999999999966      1.805162398178905
0.0243333333333333        1.8054524070094917
0.024666666666666632      1.8057464402835086
0.024999999999999963      1.806044498000956
0.025333333333333298      1.8063465816265236
0.02566666666666663       1.806652692697276
0.02599999999999996       1.8069628312132133
0.026333333333333292      1.8072769986994792
0.026666666666666623      1.807595196753638
0.026999999999999958      1.80791742537569
0.027333333333333293      1.8082436861512827
0.027666666666666624      1.808573980738535
0.027999999999999955      1.808908309137447
0.02833333333333329       1.809246672994223
0.028666666666666618      1.80958907402759
0.028999999999999953      1.8099355122375491
0.029333333333333288      1.8102859893309164
0.02966666666666662       1.8106405070870857
0.02999999999999995       1.8109990655060568
0.030333333333333285      1.811361666355316
0.030666666666666616      1.8117283114749814
0.030999999999999948      1.8120990008650533
0.03133333333333328       1.8124737363537469
0.031666666666666614      1.8128525198419654
0.031999999999999945      1.8132353513297097
0.03233333333333328       1.8136222327059845
0.032666666666666615      1.8140131659325427
0.032999999999999946      1.8144081510093848
0.033333333333333284      1.8148071898863687
0.033666666666666616      1.8152102845861613
0.03399999999999995       1.8156174351087633
0.034333333333333285      1.8160286434649509
0.03466666666666661       1.8164439117383728
0.03499999999999995       1.8168632399290294
0.035333333333333286      1.8172866301086827
0.03566666666666662       1.8177140844220316
0.03599999999999995       1.8181456028690766
0.03633333333333329       1.8185811875826359
0.03666666666666662       1.8190208407685287
0.03699999999999995       1.8194645624267562
0.03733333333333329       1.8199123547512626
0.03766666666666661       1.8203642200090635
0.03799999999999995       1.820820158200159
0.03833333333333329       1.8212801715796934
0.03866666666666662       1.821744262475953
0.03899999999999995       1.8222124308889376
0.03933333333333329       1.822684679135067
0.03966666666666662       1.823161009603975
0.03999999999999995       1.8236414222956618
0.04033333333333329       1.824125919587901
0.040666666666666615      1.8246145039317516
0.04099999999999995       1.825107175327215
0.04133333333333329       1.8256039362134968
0.04166666666666662       1.8261047891031659
0.041999999999999954      1.8266097339962226
0.04233333333333329       1.8271187733933862
0.042666666666666624      1.827631909868819
0.042999999999999955      1.8281491434225208
0.04333333333333329       1.8286704766168083
0.04366666666666662       1.8291959120875219
0.043999999999999956      1.8297254498346613
0.044333333333333294      1.830259092482227
0.044666666666666625      1.8307968427278245
0.04499999999999996       1.8313387005714534
0.045333333333333295      1.8318846686988863
0.045666666666666626      1.8324347498695825
0.04599999999999996       1.8329889440835423
0.046333333333333296      1.8335472540883995
0.04666666666666662       1.8341096827055605
0.04699999999999996       1.834676229935025
0.0473333333333333        1.83524689858638
0.04766666666666663       1.8358216915430727
0.04799999999999996       1.8364006088051035
0.0483333333333333        1.8369836532441057
0.04866666666666662       1.8375708278056626
0.04899999999999996       1.8381621324897752
0.0493333333333333        1.83875757023022
0.04966666666666662       1.8393571440348153
0.04999999999999996       1.8399608539035606
0.0503333333333333        1.8405687028324746
0.05066666666666663       1.8411806938917104
0.05099999999999996       1.8417968270812675
0.0513333333333333        1.8424171054595055
0.051666666666666625      1.8430415321590146
0.05199999999999996       1.8436701071797945
0.0523333333333333        1.8443028336426486
0.052666666666666626      1.844939714742707
0.052999999999999964      1.8455807504799704
0.0533333333333333        1.84622594403779
0.05366666666666663       1.8468752986739432
0.053999999999999965      1.847528814388431
0.0543333333333333        1.8481864944272588
0.05466666666666663       1.8488483421109603
0.054999999999999966      1.8495143574395356
0.055333333333333304      1.8501845437217534
0.05566666666666663       1.8508589043410142
0.055999999999999966      1.8515374392973178
0.056333333333333305      1.852220151962307
0.056666666666666636      1.8529070457823598
0.05699999999999997       1.8535981207574772
0.057333333333333306      1.8542933803222883
0.05766666666666663       1.8549928279862653
0.05799999999999997       1.8556964637494082
0.058333333333333307      1.8564042911094476
0.05866666666666663       1.8571163136390658
0.05899999999999997       1.8578325313382638
0.05933333333333331       1.8585529477679898
0.05966666666666664       1.8592775665642556
0.05999999999999997       1.860006387727062
0.06033333333333331       1.8607394148806946
0.06066666666666663       1.8614766517246162
0.06099999999999997       1.862218098258827
0.06133333333333331       1.8629637581710714
0.061666666666666634      1.8637136352243855
0.06199999999999997       1.8644677294187697
0.06233333333333331       1.8652260445055504
0.06266666666666665       1.8659885843114625
0.06299999999999997       1.866755348836506
0.06333333333333331       1.867526341895715
0.06366666666666664       1.8683015673796501
0.06399999999999997       1.8690810252883125
0.06433333333333331       1.8698647195005702
0.06466666666666664       1.8706526539709403
0.06499999999999997       1.8714448286994232
0.06533333333333331       1.8722412476288528
0.06566666666666665       1.873041914777832
0.06599999999999998       1.8738468301463624
0.06633333333333331       1.874655997741374
0.06666666666666664       1.8754694216456915
0.06699999999999998       1.8762871018593157
0.06733333333333331       1.8771090424534076
0.06766666666666664       1.8779352475751494
0.06799999999999998       1.8787657172245413
0.06833333333333332       1.8796004555371115
0.06866666666666665       1.8804394667245377
0.06899999999999998       1.8812827507868202
0.06933333333333332       1.882130311923991
0.06966666666666664       1.8829821544123644
0.06999999999999998       1.8838382782519407
0.07033333333333332       1.8846986877073975
0.07066666666666664       1.885563387119827
0.07099999999999998       1.8864323764892297
0.07133333333333332       1.887305660145071
0.07166666666666666       1.888183242493366
0.07199999999999998       1.8890651235341152
0.07233333333333332       1.889951307661717
0.07266666666666664       1.8908417993472557
0.07299999999999998       1.8917365985907322
0.07333333333333332       1.8926357098516244
0.07366666666666664       1.8935391376662356
0.07399999999999998       1.8944468820345663
0.07433333333333332       1.8953589474813233
0.07466666666666666       1.89627533860818
0.07499999999999998       1.897196055415137
0.07533333333333332       1.8981211024922808
0.07566666666666665       1.8990504845068084
0.07599999999999998       1.8999842014587198
0.07633333333333332       1.9009222580036365
0.07666666666666665       1.9018646588744323
0.07699999999999999       1.9028114040711086
0.07733333333333332       1.903762498314975
0.07766666666666666       1.9047179464047437
0.07799999999999999       1.9056777483404146
0.07833333333333332       1.906641908909146
0.07866666666666665       1.9076104329756443
0.07899999999999999       1.908583320539911
0.07933333333333333       1.9095605764551113
0.07966666666666666       1.9105422056521109
0.07999999999999999       1.9115282081309102
0.08033333333333333       1.9125185888108447
0.08066666666666666       1.9135133526891026
0.08099999999999999       1.9145124997656853
0.08133333333333333       1.9155160350262614
0.08166666666666665       1.9165239635345097
0.08199999999999999       1.9175362852904305
0.08233333333333333       1.9185530053461943
0.08266666666666667       1.9195741288321375
0.08299999999999999       1.9205996557482605
0.08333333333333333       1.9216295912134045
0.08366666666666667       1.922663940424735
0.08399999999999999       1.923702703382253
0.08433333333333333       1.924745885271639
0.08466666666666665       1.9257934913570627
0.08499999999999999       1.9268455216385245
0.08533333333333333       1.9279019813687204
0.08566666666666667       1.928962875878998
0.086                     1.9300282051693571
0.08633333333333333       1.9310979745596846
0.08666666666666667       1.9321721894486836
0.087                     1.9332508498363552
0.08733333333333333       1.934333961109953
0.08766666666666666       1.9354215287357175
0.088                     1.9365135527136483
0.08833333333333333       1.937610038498549
0.08866666666666667       1.9387109916243779
0.089                     1.9398164120911352
0.08933333333333333       1.9409263054213552
0.08966666666666667       1.9420406772168983
0.09                      1.943159527477765
0.09033333333333333       1.944282861794406
0.09066666666666666       1.9454106858367717
0.091                     1.9465429996048627
0.09133333333333334       1.9476798087572311
0.09166666666666667       1.9488211190321076
0.092                     1.9499669304294922
0.09233333333333334       1.9511172486762296
0.09266666666666667       1.9522720795790205
0.093                     1.9534314231378644
0.09333333333333334       1.9545952851480917
0.09366666666666666       1.9557636714850648
0.094                     1.956936582148785
0.09433333333333334       1.958114023003259
0.09466666666666666       1.9592959999927106
0.095                     1.9604825131171406
0.09533333333333334       1.961673568309429
0.09566666666666668       1.9628691715828592
0.096                     1.9640693229374313
0.09633333333333335       1.9652740283750978
0.09666666666666668       1.966483293978401
0.097                     1.967697119747341
0.09733333333333334       1.968915511753144
0.09766666666666667       1.9701384761478142
0.098                     1.971366012931352
0.09833333333333334       1.9725981282444596
0.09866666666666668       1.9738348283088087
0.099                     1.9750761131244
0.09933333333333336       1.9763219889016173
0.09966666666666668       1.9775724619320074
0.1                       1.9788275322155708
0.10033333333333334       1.9800872060325814
0.10066666666666667       1.9813514897446711
0.101                     1.9826203833518408
0.10133333333333334       1.9838938932044634
0.10166666666666668       1.985172025734469
0.10200000000000001       1.9864547809418576
0.10233333333333336       1.9877421652473155
0.10266666666666668       1.9890341851532845
0.10300000000000001       1.990330840659765
0.10333333333333335       1.9916321382579703
0.10366666666666667       1.9929380845210716
0.10400000000000001       1.994248679449069
0.10433333333333335       1.9955639296039207
0.10466666666666669       1.9968838416297467
0.10500000000000001       1.9982084155265476
0.10533333333333336       1.9995376579272448
0.10566666666666669       2.0008715755471287
0.10600000000000001       2.002210168386201
0.10633333333333335       2.0035534431485686
0.10666666666666667       2.0049014066209176
0.10700000000000001       2.0062540588032483
0.10733333333333335       2.0076114064710797
0.10766666666666669       2.008973456482719
0.10800000000000001       2.010340208838166
0.10833333333333336       2.0117116703845777
0.10866666666666669       2.0130878480521113
0.10900000000000001       2.014468741840767
0.10933333333333335       2.0158543586695683
0.10966666666666668       2.017244705540754
0.11000000000000001       2.0186397824543256
0.11033333333333335       2.0200395964014035
0.11066666666666669       2.0214441544565442
0.11100000000000002       2.0228534566197474
0.11133333333333337       2.0242675099544667
0.11166666666666669       2.02568632160781
0.11200000000000002       2.0271098915797774
0.11233333333333335       2.028538227006393
0.11266666666666668       2.029971335107553
0.11300000000000002       2.0314092158832593
0.11333333333333336       2.032851876542343
0.1136666666666667        2.034299324377734
0.11400000000000002       2.035751559389432
0.11433333333333337       2.0372085888593183
0.1146666666666667        2.0386704201535992
0.11500000000000002       2.0401370532722742
0.11533333333333336       2.041608495570517
0.11566666666666668       2.0430847544880555
0.11600000000000002       2.04456583002489
0.11633333333333336       2.0460517296097347
0.1166666666666667        2.047542460756086
0.11700000000000002       2.0490380234639454
0.11733333333333337       2.0505384252358136
0.1176666666666667        2.052043673659212
0.11800000000000002       2.0535537687341394
0.11833333333333336       2.0550687180371363
0.11866666666666668       2.056588529229999
0.11900000000000002       2.058113202312728
0.11933333333333336       2.059642744936156
0.1196666666666667        2.0611771648366104
0.12000000000000002       2.062716462014091
0.12033333333333338       2.0642606441939817
0.1206666666666667        2.0658097191873988
0.12100000000000002       2.0673636869943426
0.12133333333333336       2.0689225554150044
0.12166666666666669       2.070486332335552
0.12200000000000003       2.072055017755985
0.12233333333333336       2.073628619551565
0.1226666666666667        2.0752071456837737
0.12300000000000003       2.0767905961526125
0.12333333333333338       2.0783789789086753
0.1236666666666667        2.0799723019890246
0.12400000000000003       2.0815705653936605
0.12433333333333337       2.083173777148778
0.12466666666666669       2.084781945367289
0.12500000000000003       2.0863950700491936
0.12533333333333335       2.0880131592965547
0.1256666666666667        2.089636221298406
0.12600000000000003       2.0912642560547474
0.12633333333333338       2.092897271743782
0.1266666666666667        2.0945352766309364
0.12700000000000003       2.0961782707162127
0.12733333333333335       2.0978262622542263
0.1276666666666667        2.0994792595870773
0.12800000000000003       2.101137262714765
0.12833333333333335       2.1028002799685974
0.1286666666666667        2.1044683197676237
0.12900000000000003       2.106141382111844
0.12933333333333338       2.1078194754095354
0.1296666666666667        2.109502608156979
0.13000000000000003       2.111190780354174
0.13033333333333336       2.1128840004866514
0.1306666666666667        2.1145822771282057
0.13100000000000003       2.116285610278838
0.13133333333333336       2.117994008501614
0.1316666666666667        2.119707480448132
0.13200000000000003       2.121426026118392
0.13233333333333339       2.1231496541532837
0.1326666666666667        2.1248783732824963
0.13300000000000003       2.1266121835060314
0.13333333333333336       2.1283510935428898
0.1336666666666667        2.130095112201146
0.13400000000000004       2.1318442394808006
0.13433333333333336       2.1335984841792603
0.1346666666666667        2.1353578551832775
0.13500000000000004       2.1371223524928538
0.1353333333333334        2.1388919849840953
0.1356666666666667        2.1406667616227306
0.13600000000000004       2.1424466824087607
0.13633333333333336       2.14423175629729
0.13666666666666671       2.146021992333323
0.13700000000000004       2.147817390516861
0.13733333333333336       2.1496179598823058
0.13766666666666671       2.151423709554241
0.13800000000000004       2.153234639532667
0.1383333333333334        2.155050758931588
0.13866666666666672       2.15687207695547
0.13900000000000004       2.158698593604315
0.13933333333333336       2.160530318072032
0.13966666666666672       2.16236725964328
0.14000000000000004       2.1642094183180607
0.14033333333333337       2.1660568033704983
0.14066666666666672       2.1679094241657557
0.14100000000000004       2.1697672807038333
0.1413333333333334        2.17163038233938
0.14166666666666672       2.1734987385183766
0.14200000000000004       2.1753723492408232
0.14233333333333337       2.1772512239422093
0.14266666666666672       2.179135372149647
0.14300000000000004       2.181024793863137
0.14333333333333337       2.182919498599323
0.14366666666666672       2.1848194959667713
0.14400000000000004       2.186724785965481
0.1443333333333334        2.188635378193573
0.14466666666666672       2.190551282341384
0.14500000000000005       2.1924724984089154
0.14533333333333337       2.194399036076084
0.14566666666666672       2.1963309051153255
0.14600000000000005       2.1982681055266404
0.14633333333333337       2.2002106470720673
0.14666666666666672       2.2021585396064673
0.14700000000000005       2.204111783129841
0.1473333333333334        2.2060703874866765
0.14766666666666672       2.20803436261459
0.14800000000000005       2.2100037085135824
0.14833333333333337       2.2119784351109204
0.14866666666666672       2.2139585524273095
0.14900000000000005       2.21594406046275
0.14933333333333337       2.2179349692276213
0.14966666666666673       2.219931288826052
0.15000000000000005       2.221933019258043
0.1503333333333334        2.2239401706174236
0.15066666666666673       2.2259527530920833
0.15100000000000005       2.227970766682023
0.15133333333333338       2.229994221564859
0.15166666666666673       2.2320231280125853
0.15200000000000005       2.2340574860252027
0.15233333333333338       2.236097305864455
0.15266666666666673       2.2381425978867857
0.15300000000000005       2.240193362092195
0.1533333333333334        2.2422496088269
0.15366666666666673       2.2443113485321384
0.15400000000000005       2.2463785812079107
0.15433333333333338       2.248451317285255
0.15466666666666673       2.250529567290553
0.15500000000000005       2.252613331223805
0.15533333333333338       2.2547026196012205
0.15566666666666673       2.256797443034679
0.15600000000000006       2.2588978015241805
0.1563333333333334        2.261003705671457
0.15666666666666673       2.263115166174242
0.15700000000000006       2.2652321830325355
0.15733333333333338       2.2673547669339493
0.15766666666666673       2.269482928662428
0.15800000000000006       2.271616668217972
0.1583333333333334        2.273755996374432
0.15866666666666673       2.2759009240023245
0.15900000000000006       2.2780514511016507
0.1593333333333334        2.2802075885328605
0.15966666666666673       2.2823693472534097
0.16000000000000006       2.284536727263299
0.16033333333333338       2.2867097395099427
0.16066666666666674       2.2888883950381014
0.16100000000000006       2.291072693847775
0.1613333333333334        2.293262646973712
0.16166666666666674       2.2954582655483473
0.16200000000000006       2.297659549571682
0.1623333333333334        2.299866510166165
0.16266666666666674       2.302079158552282
0.16300000000000006       2.304297494730034
0.16333333333333339       2.3065215299099457
0.16366666666666674       2.3087512754009283
0.16400000000000006       2.3109867312029815
0.16433333333333341       2.3132279086150853
0.16466666666666674       2.3154748190349523
0.16500000000000006       2.3177274624625843
0.16533333333333342       2.3199858502857933
0.16566666666666674       2.322249993991479
0.16600000000000006       2.3245198935796423
0.1663333333333334        2.3267955605273105
0.16666666666666674       2.3290770064109547
0.16700000000000007       2.3313642312305767
0.16733333333333342       2.3336572465528036
0.16766666666666674       2.3359560640440677
0.16800000000000007       2.33826068370437
0.16833333333333342       2.340571117190328
0.16866666666666674       2.3428873762587243
0.16900000000000007       2.34520946090956
0.1693333333333334        2.3475373828898336
0.16966666666666674       2.3498711540470745
0.17000000000000007       2.352210774381284
0.17033333333333342       2.3545562557302353
0.17066666666666674       2.3569076100326014
0.17100000000000007       2.359264837288383
0.17133333333333342       2.3616279494265284
0.17166666666666675       2.363996958477254
0.17200000000000007       2.366371864440562
0.1723333333333334        2.368752679336972
0.17266666666666675       2.3711394152886514
0.17300000000000007       2.3735320722955997
0.17333333333333342       2.3759306624703176
0.17366666666666675       2.378335198027325
0.17400000000000007       2.380745678966623
0.17433333333333342       2.383162117493098
0.17466666666666675       2.3855845259140334
0.17500000000000007       2.3880129042294307
0.1753333333333334        2.390447264736972
0.17566666666666675       2.392887619837119
0.17600000000000007       2.395333969529874
0.17633333333333343       2.397786326206127
0.17666666666666675       2.4002447023599354
0.17700000000000007       2.4027090979913006
0.17733333333333343       2.4051795255847384
0.17766666666666675       2.4076559977283196
0.17800000000000007       2.410138514422046
0.1783333333333334        2.41262708824448
0.17866666666666675       2.4151217318781275
0.17900000000000008       2.417622445322991
0.17933333333333343       2.4201292412521003
0.17966666666666675       2.422642132442826
0.18000000000000008       2.425161118895168
0.18033333333333343       2.4276862133770534
0.18066666666666675       2.4302174287611424
0.18100000000000008       2.4327547650474357
0.1813333333333334        2.435298235099183
0.18166666666666675       2.437847851884771
0.18200000000000008       2.4404036154041986
0.18233333333333343       2.4429655386164733
0.18266666666666675       2.44553363458614
0.18300000000000008       2.4481079033131987
0.18333333333333343       2.4506883578528496
0.18366666666666676       2.4532750113662347
0.18400000000000008       2.4558678638533555
0.1843333333333334        2.4584669284660428
0.18466666666666676       2.4610722184624803
0.18500000000000008       2.4636837338426685
0.18533333333333343       2.466301487855513
0.18566666666666676       2.4689254938566836
0.18600000000000008       2.4715557518461804
0.18633333333333343       2.4741922751704295
0.18666666666666676       2.4768350772830345
0.18700000000000008       2.479484158183997
0.1873333333333334        2.4821395313177104
0.18766666666666676       2.4848012102361663
0.18800000000000008       2.487469194939366
0.18833333333333344       2.490143498970125
0.18866666666666676       2.4928241359792773
0.18900000000000008       2.4955111059668234
0.18933333333333344       2.498204422574456
0.18966666666666676       2.500904099552311
0.19000000000000009       2.5036101369003885
0.1903333333333334        2.5063225483597176
0.19066666666666676       2.5090413477801974
0.1910000000000001        2.511766535161828
0.19133333333333344       2.514498124345438
0.19166666666666676       2.5172361292811547
0.1920000000000001        2.5199805499689782
0.19233333333333344       2.5227314003500028
0.19266666666666676       2.5254886944750528
0.1930000000000001        2.528252432344129
0.1933333333333334        2.5310226279990595
0.19366666666666676       2.5337992955918383
0.1940000000000001        2.536582435122467
0.19433333333333344       2.539372060733981
0.19466666666666677       2.54216818668002
0.1950000000000001        2.5449708129605852
0.19533333333333344       2.5477799538203953
0.19566666666666677       2.5505956236152163
0.1960000000000001        2.553417822345049
0.19633333333333342       2.556246564356774
0.19666666666666677       2.5590818641087663
0.1970000000000001        2.561923721601027
0.19733333333333344       2.564772151283082
0.19766666666666677       2.567627167716402
0.1980000000000001        2.5704887709009876
0.19833333333333344       2.573356975389497
0.19866666666666677       2.576231795846986
0.1990000000000001        2.5791132322734533
0.19933333333333342       2.582001299325183
0.19966666666666677       2.584896011771305
0.2000000000000001        2.5877973696118213
0.20033333333333345       2.5907053876071298
0.20066666666666677       2.593620080630938
0.2010000000000001        2.5965414486832463
0.20133333333333345       2.5994695066290663
0.20166666666666677       2.6024042694471796
0.2020000000000001        2.6053457371375885
0.20233333333333342       2.6082939246704173
0.20266666666666677       2.611248847130029
0.2030000000000001        2.614210504516424
0.20333333333333345       2.6171789119053477
0.20366666666666677       2.6201540844872473
0.2040000000000001        2.6231360222621247
0.20433333333333345       2.626124740411851
0.20466666666666677       2.6291202542334733
0.2050000000000001        2.632122563726993
0.20533333333333342       2.6351316841809185
0.20566666666666678       2.638147630999411
0.2060000000000001        2.6411704041824717
0.20633333333333345       2.6442000191257633
0.20666666666666678       2.6472364913410775
0.2070000000000001        2.6502798208284157
0.20733333333333345       2.6533300230911134
0.20766666666666678       2.6563871137491173
0.2080000000000001        2.6594510928024278
0.20833333333333343       2.662521975862576
0.20866666666666678       2.665599778658187
0.2090000000000001        2.6686845011892624
0.20933333333333345       2.6717761591760536
0.20966666666666678       2.674874768456398
0.2100000000000001        2.6779803290302953
0.21033333333333346       2.6810928567272483
0.21066666666666678       2.684212367494836
0.2110000000000001        2.6873388613330604
0.21133333333333343       2.690472354181209
0.21166666666666678       2.6936128620971402
0.2120000000000001        2.6967603850808555
0.21233333333333346       2.6999149391819657
0.21266666666666678       2.7030765405691493
0.2130000000000001        2.706245189242409
0.21333333333333346       2.7094209013622184
0.21366666666666678       2.712603693208623
0.2140000000000001        2.715793564781623
0.21433333333333343       2.7189905323531036
0.21466666666666678       2.7221946123150222
0.2150000000000001        2.72540580466738
0.21533333333333346       2.728624125794019
0.21566666666666678       2.731849592199364
0.2160000000000001        2.7350822038834166
0.21633333333333346       2.7383219773425274
0.21666666666666679       2.741568929194144
0.2170000000000001        2.7448230594382683
0.21733333333333343       2.7480843846843186
0.21766666666666679       2.751352921663324
0.2180000000000001        2.7546286703752867
0.21833333333333346       2.7579116475432515
0.2186666666666668        2.7612018700123944
0.2190000000000001        2.764499337782718
0.21933333333333346       2.7678040676914577
0.2196666666666668        2.771116076698505
0.2200000000000001        2.7744353648038604
0.22033333333333344       2.7777619489595198
0.2206666666666668        2.7810958462406603
0.2210000000000001        2.784437056647283
0.22133333333333347       2.7877855972467156
0.2216666666666668        2.7911414852299954
0.22200000000000011       2.794504720597125
0.22233333333333347       2.7978753205313387
0.2226666666666668        2.8012533023401156
0.22300000000000011       2.804638666023457
0.22333333333333344       2.8080314288810864
0.2236666666666668        2.8114316083375073
0.22400000000000012       2.8148392043927197
0.22433333333333347       2.8182542344635193
0.2246666666666668        2.821676716092022
0.22500000000000012       2.8251066492782293
0.22533333333333347       2.8285440515565945
0.2256666666666668        2.8319889405874377
0.22600000000000012       2.8354413163707606
0.22633333333333344       2.8389011965592683
0.2266666666666668        2.842368598932081
0.22700000000000012       2.845843523489199
0.22733333333333347       2.849325988002176
0.2276666666666668        2.852816010369531
0.22800000000000012       2.856313590591264
0.22833333333333347       2.859818746558377
0.2286666666666668        2.863331496289393
0.22900000000000012       2.8668518397843115
0.22933333333333344       2.870379795054186
0.2296666666666668        2.8739153802381487
0.23000000000000012       2.8774585953362024
0.23033333333333347       2.881009458480059
0.2306666666666668        2.8845679879300743
0.23100000000000012       2.888134183686251
0.23133333333333347       2.8917080640015733
0.2316666666666668        2.895289647258239
0.23200000000000012       2.8988789334562473
0.23233333333333345       2.902475940970473
0.2326666666666668        2.9060806883055728
0.23300000000000012       2.909693175461547
0.23333333333333348       2.913313420935781
0.2336666666666668        2.916941443356014
0.23400000000000012       2.9205772427222483
0.23433333333333348       2.9242208376550027
0.2346666666666668        2.9278722469057317
0.23500000000000013       2.9315314704744346
0.23533333333333345       2.935198527105397
0.2356666666666668        2.9388734356744175
0.23600000000000013       2.942556196181497
0.23633333333333348       2.946246827495318
0.2366666666666668        2.949945348616663
0.23700000000000013       2.953651759545533
0.23733333333333348       2.957366079275645
0.2376666666666668        2.961088326933408
0.23800000000000013       2.964818502518822
0.23833333333333345       2.9685566251512814
0.2386666666666668        2.9723027140834657
0.23900000000000013       2.9760567693153757
0.23933333333333348       2.9798188100927305
0.2396666666666668        2.9835888557951296
0.24000000000000013       2.9873669064225723
0.24033333333333348       2.991152981347754
0.2406666666666668        2.9949471000778494
0.24100000000000013       2.9987492626128587
0.24133333333333346       3.0025594884531053
0.2416666666666668        3.006377797233999
0.24200000000000013       3.01020418895554
0.24233333333333348       3.014038683246341
0.2426666666666668        3.0178812998707096
0.24300000000000013       3.0217320388286457
0.24333333333333348       3.025590919877714
0.2436666666666668        3.029457962911788
0.24400000000000013       3.0333331679308686
0.24433333333333346       3.0372165548221406
0.2446666666666668        3.041108143609716
0.24500000000000013       3.045007934293595
0.2453333333333335        3.0489159468912557
0.2456666666666668        3.052832201557725
0.24600000000000014       3.056756698293004
0.2463333333333335        3.0606894572455396
0.2466666666666668        3.064630498701956
0.24700000000000014       3.0685798226622527
0.24733333333333346       3.072537449406531
0.2476666666666668        3.076503399353695
0.24800000000000014       3.0804776725037453
0.2483333333333335        3.0844602892691206
0.2486666666666668        3.0884512702016957
0.24900000000000014       3.092450615301473
0.2493333333333335        3.0964583451139194
0.24966666666666681       3.100474480324577
0.2500000000000001        3.1044990209334467
0.25033333333333346       3.1085319876197217
0.25066666666666676       3.112573401203309
0.2510000000000001        3.1166232616842087
0.25133333333333346       3.1206815898760385
0.25166666666666676       3.1247484067337763
0.2520000000000001        3.128823712257422
0.25233333333333346       3.1329075273957208
0.2526666666666668        3.1369998732394295
0.2530000000000001        3.141100749788549
0.25333333333333347       3.1452101781276616
0.25366666666666676       3.1493281794840153
0.2540000000000001        3.1534547538576114
0.25433333333333347       3.157589922469584
0.25466666666666676       3.1617337066843914
0.2550000000000001        3.165886106502034
0.25533333333333347       3.170047143280916
0.2556666666666668        3.174216838523429
0.2560000000000001        3.1783951922295723
0.25633333333333347       3.182582225895745
0.25666666666666677       3.186777961162996
0.2570000000000001        3.190982398031327
0.25733333333333347       3.195195558135857
0.25766666666666677       3.1994174632570282
0.2580000000000001        3.2036481133948413
0.25833333333333347       3.207887530323869
0.2586666666666668        3.2121357359646843
0.2590000000000001        3.2163927303172866
0.25933333333333347       3.2206585352964403
0.25966666666666677       3.2249331729635893
0.2600000000000001        3.2292166433187335
0.26033333333333347       3.2335089684175697
0.26066666666666677       3.237810170463161
0.2610000000000001        3.242120249455507
0.2613333333333335        3.2464392275919853
0.2616666666666668        3.250767127218028
0.2620000000000001        3.2551039483336344
0.2623333333333335        3.2594497132786158
0.26266666666666677       3.2638044445415297
0.2630000000000001        3.268168142122376
0.2633333333333335        3.2725408285041553
0.26366666666666677       3.2769225263193116
0.2640000000000001        3.281313235567846
0.2643333333333335        3.28571297887671
0.2646666666666668        3.2901217790230026
0.2650000000000001        3.294539636006723
0.2653333333333335        3.2989665725995425
0.2656666666666668        3.303402611723984
0.2660000000000001        3.307847753380048
0.2663333333333335        3.3123020204848945
0.2666666666666668        3.3167654361072487
0.2670000000000001        3.3212380002471105
0.2673333333333335        3.325719735967907
0.26766666666666683       3.330210666485346
0.2680000000000001        3.3347107917994294
0.2683333333333335        3.339220135120632
0.2686666666666668        3.3437387198124293
0.26900000000000013       3.348266545874823
0.2693333333333335        3.352803636666126
0.2696666666666668        3.357350015698373
0.27000000000000013       3.3619056829715666
0.2703333333333335        3.3664706619926466
0.27066666666666683       3.371044976423005
0.27100000000000013       3.375628626262644
0.2713333333333335        3.3802216351679295
0.2716666666666668        3.3848240269504126
0.27200000000000013       3.389435801610094
0.2723333333333335        3.3940569829535687
0.2726666666666668        3.398687594943352
0.27300000000000013       3.4033276375794457
0.2733333333333335        3.407977134819478
0.27366666666666684       3.4126361107777448
0.27400000000000013       3.417304565454247
0.2743333333333335        3.421982522958459
0.2746666666666668        3.4266700075572727
0.27500000000000013       3.4313670192506884
0.2753333333333335        3.436073582300847
0.2756666666666668        3.440789721128058
0.27600000000000013       3.4455154357323226
0.2763333333333335        3.450250750529269
0.27666666666666684       3.454995690093453
0.27700000000000014       3.4597502544248746
0.2773333333333335        3.46451446809348
0.2776666666666668        3.4692883558289047
0.27800000000000014       3.474071917631149
0.2783333333333335        3.47886517822531
0.2786666666666668        3.4836681624969383
0.27900000000000014       3.4884808704460366
0.2793333333333335        3.4933033269536913
0.27966666666666684       3.498135557062215
0.28000000000000014       3.502977560771609
0.2803333333333335        3.507829363119795
0.2806666666666668        3.512690989306698
0.28100000000000014       3.5175624393323184
0.2813333333333335        3.522443738392262
0.2816666666666668        3.5273349118449193
0.28200000000000014       3.5322359596902904
0.2823333333333335        3.537146907282522
0.28266666666666684       3.5420677801393294
0.28300000000000014       3.546998578260714
0.2833333333333335        3.5519393271602224
0.2836666666666668        3.5568900525157634
0.28400000000000014       3.561850754327336
0.2843333333333335        3.5668214582687545
0.2846666666666668        3.5718021901789903
0.28500000000000014       3.576792950058044
0.2853333333333335        3.581793763740868
0.28566666666666685       3.586804657228373
0.28600000000000014       3.5918256305205603
0.2863333333333335        3.596856709614398
0.2866666666666668        3.6018979206736206
0.28700000000000014       3.606949263698228
0.2873333333333335        3.6120107648480886
0.2876666666666668        3.617082450450646
0.28800000000000014       3.6221643205059015
0.2883333333333335        3.6272564013375104
0.28866666666666685       3.63235871943752
0.28900000000000015       3.6374712748059337
0.2893333333333335        3.6425940939310872
0.2896666666666668        3.6477272034705344
0.29000000000000015       3.652870603424275
0.2903333333333335        3.658024320446229
0.2906666666666668        3.6631883813603565
0.29100000000000015       3.6683627861666603
0.2913333333333335        3.6735475616855466
0.29166666666666685       3.6787427349082975
0.29200000000000015       3.683948305834913
0.2923333333333335        3.6891643014532
0.2926666666666668        3.694390748922676
0.29300000000000015       3.699627648243342
0.2933333333333335        3.704875026571321
0.2936666666666668        3.7101329112352905
0.29400000000000015       3.71540130223525
0.2943333333333335        3.720680226896563
0.29466666666666685       3.7259697127179927
0.29500000000000015       3.73126975969954
0.2953333333333335        3.7365803953367367
0.2956666666666668        3.7419016472993674
0.29600000000000015       3.747233515587433
0.2963333333333335        3.7525760278675686
0.2966666666666668        3.7579292119815197
0.29700000000000015       3.7632930679292884
0.2973333333333335        3.768667623549554
0.29766666666666686       3.774052906856968
0.29800000000000015       3.7794489178515325
0.2983333333333335        3.7848556845449175
0.2986666666666668        3.7902732351256363
0.29900000000000015       3.7957015695936893
0.2993333333333335        3.8011407161346913
0.2996666666666668        3.8065907031119703
0.30000000000000016       3.812051530525528
0.3003333333333335        3.8175232267358816
0.30066666666666686       3.823005820282142
0.30100000000000016       3.8284993111643093
0.3013333333333335        3.834003727918768
0.3016666666666668        3.8395190992613792
0.30200000000000016       3.8450454251921453
0.3023333333333335        3.8505827344242873
0.3026666666666668        3.8561310558513946
0.30300000000000016       3.8616903894734698
0.3033333333333335        3.8672607641815477
0.30366666666666686       3.8728422090479304
0.30400000000000016       3.878434724072616
0.3043333333333335        3.8840383383254418
0.3046666666666668        3.889653081058405
0.30500000000000016       3.8952789522715072
0.3053333333333335        3.90091598121437
0.3056666666666668        3.906564197319686
0.30600000000000016       3.912223600587456
0.3063333333333335        3.9178942204480838
0.30666666666666687       3.9235760865159577
0.30700000000000016       3.9292691987910784
0.3073333333333335        3.9349735868856333
0.3076666666666668        3.940689280596713
0.30800000000000016       3.9464162799243185
0.3083333333333335        3.95215461466343
0.3086666666666668        3.9579043147948534
0.30900000000000016       3.9636653803185884
0.3093333333333335        3.9694378412134235
0.30966666666666687       3.975221727644901
0.31000000000000016       3.9810170396130204
0.3103333333333335        3.986823807281397
0.3106666666666668        3.9926420610013342
0.31100000000000017       3.9984718007728333
0.3113333333333335        4.004313056945364
0.3116666666666668        4.0101658600570245
0.31200000000000017       4.016030210107817
0.3123333333333335        4.021906137634097
0.31266666666666687       4.027793673361801
0.31300000000000017       4.033692817290928
0.3133333333333335        4.039603600145764
0.3136666666666668        4.045526052841122
0.31400000000000017       4.051460175377005
0.3143333333333335        4.057405998666673
0.31466666666666687       4.063363553814872
0.31500000000000017       4.0693328408216045
0.3153333333333335        4.075313890790157
0.3156666666666669        4.081306735016269
0.31600000000000017       4.087311373499943
0.3163333333333335        4.093327837535553
0.3166666666666668        4.099356158610897
0.31700000000000017       4.105396336725974
0.3173333333333335        4.111448403367315
0.3176666666666669        4.117512390215847
0.31800000000000017       4.123588297271569
0.3183333333333335        4.129676156214239
0.3186666666666669        4.13577599891899
0.3190000000000002        4.141887825385826
0.3193333333333335        4.148011667488809
0.3196666666666668        4.154147557298367
0.3200000000000002        4.160295494814501
0.3203333333333335        4.16645551210667
0.3206666666666669        4.172627641441688
0.3210000000000002        4.178811882819555
0.3213333333333335        4.185008268506215
0.3216666666666669        4.1912168309659705
0.3220000000000002        4.197437570198821
0.3223333333333335        4.203670518668296
0.3226666666666668        4.209915709037291
0.3230000000000002        4.216173141305804
0.32333333333333353       4.222442848136061
0.3236666666666669        4.228724862390657
0.3240000000000002        4.235019184069596
0.32433333333333353       4.241325846034907
0.3246666666666669        4.247644881350013
0.3250000000000002        4.253976290014916
0.32533333333333353       4.260320105092573
0.3256666666666668        4.266676359848359
0.3260000000000002        4.273045054282276
0.32633333333333353       4.279426221659335
0.3266666666666669        4.285819895447999
0.3270000000000002        4.292226075648271
0.32733333333333353       4.29864479572835
0.3276666666666669        4.305076089360927
0.3280000000000002        4.311519956546003
0.32833333333333353       4.31797643095611
0.32866666666666683       4.324445546469314
0.3290000000000002        4.330927303085616
0.32933333333333353       4.337421734683029
0.3296666666666669        4.3439288753461485
0.3300000000000002        4.350448725074975
0.33033333333333353       4.356981317954158
0.3306666666666669        4.363526688275987
0.3310000000000002        4.370084836040462
0.33133333333333354       4.3766557955400325
0.33166666666666683       4.383239601275849
0.3320000000000002        4.389836253247911
0.33233333333333354       4.3964457859576385
0.3326666666666669        4.403068234116222
0.3330000000000002        4.409703597723661
0.33333333333333354       4.416351911491524
0.3336666666666669        4.423013210342219
0.3340000000000002        4.4296874942757505
0.33433333333333354       4.4363747982150175
0.33466666666666683       4.443075157294846
0.3350000000000002        4.449788571515237
0.33533333333333354       4.456515076011615
0.3356666666666669        4.46325470613242
0.3360000000000002        4.4700074618776515
0.33633333333333354       4.4767733785964605
0.3366666666666669        4.483552491852103
0.3370000000000002        4.490344801644581
0.33733333333333354       4.497150343537977
0.33766666666666684       4.503969153311583
0.3380000000000002        4.510801230965399
0.33833333333333354       4.517646612279649
0.3386666666666669        4.524505333250883
0.3390000000000002        4.531377393879102
0.33933333333333354       4.538262830161898
0.3396666666666669        4.545161678314303
0.3400000000000002        4.552073938336318
0.34033333333333354       4.558999646444134
0.34066666666666684       4.5659388390725
0.3410000000000002        4.57289151622142
0.34133333333333354       4.579857714326919
0.3416666666666669        4.58683747004471
0.3420000000000002        4.593830783374794
0.34233333333333354       4.600837690974279
0.3426666666666669        4.607858229721093
0.3430000000000002        4.614892399615236
0.34333333333333355       4.621940237536148
0.34366666666666684       4.629001780585231
0.3440000000000002        4.636077028762488
0.34433333333333355       4.643166019170949
0.3446666666666669        4.650268789136761
0.3450000000000002        4.657385338659923
0.34533333333333355       4.664515705068327
0.3456666666666669        4.6716599259141365
0.3460000000000002        4.678818001197354
0.34633333333333355       4.685989968472005
0.34666666666666685       4.693175865517552
0.3470000000000002        4.700375692333997
0.34733333333333355       4.707589486702789
0.3476666666666669        4.7148172866319795
0.3480000000000002        4.72205909212157
0.34833333333333355       4.729314941181721
0.3486666666666669        4.736584872050374
0.3490000000000002        4.743868884727531
0.34933333333333355       4.751167017453364
0.34966666666666685       4.7584793086970105
0.3500000000000002        4.7658057584584705
0.35033333333333355       4.773146405209237
0.3506666666666669        4.780501287650957
0.3510000000000002        4.787870405783633
0.35133333333333355       4.79525379831139
0.3516666666666669        4.802651504169711
0.3520000000000002        4.810063523358596
0.35233333333333355       4.817489894816131
0.35266666666666685       4.824930657712962
0.3530000000000002        4.83238581204909
0.35333333333333355       4.83985539699789
0.3536666666666669        4.847339451966513
0.3540000000000002        4.85483797695496
0.35433333333333356       4.862351011373237
0.3546666666666669        4.8698785948663454
0.3550000000000002        4.877420727434288
0.35533333333333356       4.884977448725046
0.35566666666666685       4.89254879862283
0.3560000000000002        4.900134777127643
0.35633333333333356       4.907735424126803
0.3566666666666669        4.91535077974509
0.3570000000000002        4.922980843982506
0.35733333333333356       4.930625656967072
0.3576666666666669        4.938285259065509
0.3580000000000002        4.94595965027782
0.35833333333333356       4.9536488709741
0.35866666666666686       4.961352961764398
0.3590000000000002        4.969071922648712
0.35933333333333356       4.976805794240593
0.3596666666666669        4.984554617394803
0.3600000000000002        4.9923183921113425
0.36033333333333356       5.00009715924861
0.3606666666666669        5.007890959907476
0.3610000000000002        5.015699794087942
0.36133333333333356       5.02352370289465
0.36166666666666686       5.03136272767599
0.3620000000000002        5.0392168684319625
0.36233333333333356       5.047086166514863
0.3626666666666669        5.054970663522012
0.3630000000000002        5.062870359453413
0.36333333333333356       5.0707852959104285
0.3636666666666669        5.078715514740736
0.3640000000000002        5.086661015944338
0.36433333333333356       5.0946218413730895
0.36466666666666686       5.102598033126459
0.3650000000000002        5.110589591204449
0.36533333333333357       5.118596557710839
0.3656666666666669        5.126618974998329
0.3660000000000002        5.134656843066922
0.36633333333333357       5.142710204273765
0.3666666666666669        5.15077910122624
0.3670000000000002        5.158863533924346
0.36733333333333357       5.166963544980057
0.36766666666666686       5.175079177256886
0.3680000000000002        5.183210430754839
0.36833333333333357       5.191357348342164
0.3686666666666669        5.199519973139988
0.3690000000000002        5.207698305148312
0.36933333333333357       5.215892387493132
0.3696666666666669        5.224102263554662
0.3700000000000002        5.2323279333329005
0.37033333333333357       5.240569440213071
0.37066666666666687       5.248826827835957
0.3710000000000002        5.25710009620156
0.37133333333333357       5.265389288955816
0.3716666666666669        5.27369445000157
0.3720000000000002        5.282015579338825
0.37233333333333357       5.2903527208757275
0.3726666666666669        5.298705918778691
0.3730000000000002        5.3070751730477195
0.3733333333333336        5.315460527854672
0.37366666666666687       5.323862027631048
0.3740000000000002        5.332279672376846
0.3743333333333336        5.34071350652916
0.37466666666666687       5.3491635747860915
0.3750000000000002        5.357629877147639
0.3753333333333336        5.36611245831765
0.3756666666666669        5.37461136326236
0.3760000000000002        5.383126591981774
0.37633333333333363       5.391658189448019
0.3766666666666669        5.400206200897011
0.3770000000000002        5.408770626328753
0.3773333333333336        5.417351510985203
0.3776666666666669        5.425948900373505
0.3780000000000002        5.434562794493661
0.3783333333333336        5.44319323885901
0.37866666666666693       5.451840279249485
0.3790000000000002        5.460503915665086
0.37933333333333363       5.469184193892093
0.37966666666666693       5.477881159984799
0.3800000000000002        5.486594813943205
0.3803333333333336        5.495325201828102
0.3806666666666669        5.50407236996972
0.3810000000000002        5.512836318368059
0.3813333333333336        5.521617093360004
0.38166666666666693       5.530414741553311
0.38200000000000023       5.5392292629479805
0.38233333333333364       5.54806070415858
0.38266666666666693       5.556909112071988
0.38300000000000023       5.565774486688208
0.3833333333333336        5.574656874901088
0.3836666666666669        5.58355632387824
0.38400000000000023       5.592472833619669
0.3843333333333336        5.601406451300111
0.38466666666666693       5.610357224369535
0.38500000000000023       5.6193251528279395
0.38533333333333364       5.628310284132576
0.38566666666666694       5.637312666017389
0.38600000000000023       5.646332298482382
0.3863333333333336        5.655369229268943
0.3866666666666669        5.664423506396635
0.38700000000000023       5.67349512986546
0.3873333333333336        5.682584147702586
0.38766666666666694       5.691690608214842
0.38800000000000023       5.700814511402229
0.38833333333333364       5.709955905579344
0.38866666666666694       5.7191148393419375
0.38900000000000023       5.728291312690012
0.3893333333333336        5.737485374227251
0.3896666666666669        5.746697072839998
0.39000000000000024       5.755926408528254
0.3903333333333336        5.765173430186457
0.39066666666666694       5.774438186993223
0.39100000000000024       5.7837206789485505
0.39133333333333364       5.793020955239316
0.39166666666666694       5.802339065338091
0.39200000000000024       5.811675009244876
0.3923333333333336        5.821028836440671
0.3926666666666669        5.830400596693704
0.39300000000000024       5.839790290003978
0.3933333333333336        5.849197966148315
0.39366666666666694       5.8586236751923115
0.39400000000000024       5.868067417135969
0.39433333333333365       5.8775292420536465
0.39466666666666694       5.887009200310024
0.39500000000000024       5.896507291905102
0.3953333333333336        5.906023567212495
0.3956666666666669        5.915558076897703
0.39600000000000024       5.9251108209607235
0.3963333333333336        5.934681850076159
0.39666666666666694       5.944271215212062
0.39700000000000024       5.953878916368434
0.39733333333333365       5.963505004522605
0.39766666666666695       5.973149530946932
0.39800000000000024       5.982812495641418
0.3983333333333336        5.992493949887874
0.3986666666666669        6.002193945264727
0.39900000000000024       6.011912481771977
0.3993333333333336        6.021649610997682
0.39966666666666695       6.031405384828107
0.40000000000000024       6.041179803263253
0.40033333333333365       6.050972918199195
0.40066666666666695       6.060784781831822
0.40100000000000025       6.0706153941611385
0.4013333333333336        6.0804648073930165
0.4016666666666669        6.090333074034766
0.40200000000000025       6.100220194086387
0.4023333333333336        6.1101262200653546
0.40266666666666695       6.1200512047921976
0.40300000000000025       6.129995148266917
0.40333333333333365       6.139958103320391
0.40366666666666695       6.1499401230881885
0.40400000000000025       6.159941207570309
0.4043333333333336        6.16996140991285
0.4046666666666669        6.180000783568249
0.40500000000000025       6.190059328536506
0.4053333333333336        6.200137098280765
0.40566666666666695       6.210234146572164
0.40600000000000025       6.220350473410706
0.40633333333333366       6.230486132578425
0.40666666666666695       6.24064117816701
0.40700000000000025       6.2508156101764625
0.4073333333333336        6.2610094827095555
0.4076666666666669        6.271222850180391
0.40800000000000025       6.281455712588973
0.4083333333333336        6.291708124360673
0.40866666666666696       6.301980140233876
0.40900000000000025       6.312271760208587
0.40933333333333366       6.32258303903465
0.40966666666666696       6.332914031776621
0.41000000000000025       6.343264738434501
0.4103333333333336        6.353635214084493
0.4106666666666669        6.364025514119216
0.41100000000000025       6.37443563853867
0.4113333333333336        6.384865642747311
0.41166666666666696       6.395315582467726
0.41200000000000025       6.405785457699916
0.41233333333333366       6.416275324178498
0.41266666666666696       6.426785237957942
0.41300000000000026       6.43731519903825
0.4133333333333336        6.447865263486119
0.4136666666666669        6.458435487689834
0.41400000000000026       6.469025871649399
0.4143333333333336        6.4796364717655175
0.41466666666666696       6.490267344762232
0.41500000000000026       6.5009184906395445
0.41533333333333367       6.511589966134113
0.41566666666666696       6.522281828307687
0.41600000000000026       6.532994077160267
0.4163333333333336        6.54372676976642
0.4166666666666669        6.554479963527568
0.41700000000000026       6.56525365844371
0.4173333333333336        6.576047911929286
0.41766666666666696       6.586862781727365
0.41800000000000026       6.5976982678379485
0.41833333333333367       6.608554428017325
0.41866666666666696       6.619431320352203
0.41900000000000026       6.6303289448425815
0.4193333333333336        6.64124735958859
0.4196666666666669        6.652186623022573
0.42000000000000026       6.663146735144531
0.4203333333333336        6.674127754400435
0.42066666666666697       6.685129739570278
0.42100000000000026       6.6961526906540625
0.42133333333333367       6.707196666445614
0.42166666666666697       6.718261726074602
0.42200000000000026       6.729347869541028
0.4223333333333336        6.740455155988599
0.4226666666666669        6.7515836448986954
0.42300000000000026       6.762733336271318
0.4233333333333336        6.773904289602098
0.42366666666666697       6.785096564726172
0.42400000000000027       6.796310161643545
0.4243333333333337        6.807545140203815
0.42466666666666697       6.8188015605979455
0.42500000000000027       6.830079422825939
0.4253333333333336        6.841378787093428
0.4256666666666669        6.852699713949276
0.42600000000000027       6.864042203393483
0.4263333333333336        6.87540631598979
0.42666666666666697       6.886792112647045
0.42700000000000027       6.898199593365249
0.4273333333333337        6.909628819068344
0.427666666666667         6.921079851027255
0.42800000000000027       6.932552689241985
0.4283333333333336        6.944047394998776
0.4286666666666669        6.95556402993275
0.42900000000000027       6.96710259404391
0.4293333333333336        6.978663148982907
0.429666666666667         6.990245756751188
0.43000000000000027       7.001850417348752
0.4303333333333337        7.013477192792792
0.430666666666667         7.025126145453209
0.43100000000000027       7.036797275330007
0.4313333333333336        7.048490644809054
0.4316666666666669        7.060206316630864
0.4320000000000003        7.071944290795434
0.4323333333333336        7.083704630059469
0.432666666666667         7.0954873975362505
0.4330000000000003        7.1072925932257816
0.4333333333333337        7.119120280257759
0.433666666666667         7.130970522120414
0.4340000000000003        7.14284331881375
0.4343333333333336        7.154738733842637
0.4346666666666669        7.166656831072448
0.4350000000000003        7.178597610503185
0.4353333333333336        7.190561136017085
0.435666666666667         7.202547471858862
0.4360000000000003        7.214556618028517
0.4363333333333337        7.226588638787861
0.436666666666667         7.238643598763167
0.4370000000000003        7.250721497954432
0.43733333333333363       7.26282240100526
0.4376666666666669        7.274946372925707
0.4380000000000003        7.2870934137157795
0.43833333333333363       7.299263588403094
0.438666666666667         7.311456962383745
0.4390000000000003        7.323673535657734
0.4393333333333337        7.3359133736389435
0.439666666666667         7.34817654211176
0.4400000000000003        7.360463041076184
0.44033333333333363       7.372772936334625
0.44066666666666693       7.385106294062025
0.4410000000000003        7.397463114258385
0.44133333333333363       7.409843463116911
0.441666666666667         7.422247407205393
0.4420000000000003        7.434674946523831
0.4423333333333337        7.447126147658514
0.442666666666667         7.45960107757237
0.4430000000000003        7.472099736265401
0.44333333333333363       7.484622190719279
0.44366666666666693       7.497168508294391
0.4440000000000003        7.509738688990736
0.44433333333333364       7.522332800187681
0.444666666666667         7.534950909645391
0.4450000000000003        7.547593017363871
0.4453333333333337        7.560259191122509
0.445666666666667         7.5729494990835935
0.4460000000000003        7.585663941247126
0.44633333333333364       7.598402585794862
0.44666666666666693       7.611165501293564
0.4470000000000003        7.623952687743234
0.44733333333333364       7.636764213730352
0.447666666666667         7.6496001482285205
0.4480000000000003        7.662460491237743
0.4483333333333337        7.6753453117515935
0.448666666666667         7.688254679152898
0.4490000000000003        7.70118859344166
0.44933333333333364       7.71414712402093
0.44966666666666694       7.72713034068516
0.4500000000000003        7.740138243434353
0.45033333333333364       7.753170902083433
0.450666666666667         7.766228386840889
0.4510000000000003        7.7793106977067215
0.4513333333333337        7.792417904910148
0.451666666666667         7.805550079076116
0.4520000000000003        7.818707220204627
0.45233333333333364       7.8318893989416125
0.45266666666666694       7.845096686330925
0.4530000000000003        7.858329082372568
0.45333333333333364       7.871586658131629
0.453666666666667         7.884869485073321
0.4540000000000003        7.898177563197645
0.4543333333333337        7.911510963991309
0.454666666666667         7.924869759343351
0.4550000000000003        7.938253949253772
0.45533333333333365       7.951663605633372
0.45566666666666694       7.965098800797501
0.4560000000000003        7.978559534746163
0.45633333333333365       7.9920458798167315
0.456666666666667         8.005557908753373
0.4570000000000003        8.019095621556087
0.4573333333333337        8.032659090991329
0.457666666666667         8.046248390234593
0.4580000000000003        8.059863519285882
0.45833333333333365       8.073504551343248
0.45866666666666694       8.087171560016042
0.4590000000000003        8.100864545304267
0.45933333333333365       8.114583580840106
0.459666666666667         8.128328740669316
0.4600000000000003        8.142100024791898
0.4603333333333337        8.15589750727671
0.460666666666667         8.169721262608482
0.4610000000000003        8.183571290787214
0.46133333333333365       8.197447666321
0.46166666666666695       8.211350464136116
0.4620000000000003        8.22527968423256
0.46233333333333365       8.23923540156025
0.462666666666667         8.253217691489594
0.4630000000000003        8.26722655402059
0.4633333333333337        8.281262064547569
0.463666666666667         8.295324298887682
0.4640000000000003        8.309413257040935
0.46433333333333365       8.323529014848674
0.46466666666666695       8.33767164857742
0.4650000000000003        8.351841158227174
0.46533333333333365       8.366037620088937
0.465666666666667         8.380261110881236
0.4660000000000003        8.394511630604073
0.4663333333333337        8.408789256000738
0.466666666666667         8.423094064244417
0.4670000000000003        8.437426055335118
0.46733333333333366       8.451785306471072
0.46766666666666695       8.466171895282805
0.4680000000000003        8.480585821770324
0.46833333333333366       8.49502716358948
0.468666666666667         8.509495998830822
0.4690000000000003        8.523992327494351
0.4693333333333337        8.538516227696235
0.469666666666667         8.553067777989744
0.4700000000000003        8.567646978374883
0.47033333333333366       8.582253907430834
0.47066666666666696       8.596888644176317
0.4710000000000003        8.611551188611333
0.47133333333333366       8.626241619780801
0.471666666666667         8.640960017171626
0.4720000000000003        8.655706380783808
0.4723333333333337        8.670480790130744
0.472666666666667         8.685283325170273
0.4730000000000003        8.700113985902393
0.47333333333333366       8.714972852311735
0.47366666666666696       8.729860004829845
0.4740000000000003        8.74477544345672
0.47433333333333366       8.759719248650995
0.474666666666667         8.774691501320703
0.4750000000000003        8.789692201465847
0.4753333333333337        8.80472143002185
0.475666666666667         8.819779268376038
0.4760000000000003        8.834865716528418
0.47633333333333366       8.849980855894009
0.47666666666666696       8.865124768342252
0.4770000000000003        8.880297453873151
0.47733333333333366       8.89549899438415
0.477666666666667         8.910729472229637
0.4780000000000003        8.925988887409614
0.4783333333333337        8.941277322306787
0.478666666666667         8.95659485976335
0.4790000000000003        8.971941499779307
0.47933333333333367       8.987317325225472
0.47966666666666696       9.002722419434722
0.4800000000000003        9.01815678240706
0.48033333333333367       9.033620497504284
0.480666666666667         9.049113648552842
0.4810000000000003        9.064636235552733
0.4813333333333337        9.080188342359637
0.481666666666667         9.095770053296471
0.4820000000000003        9.111381368363237
0.48233333333333367       9.127022371912402
0.48266666666666697       9.142693148766277
0.4830000000000003        9.158393698924861
0.48333333333333367       9.17412410724034
0.483666666666667         9.189884459037357
0.4840000000000003        9.205674754315915
0.4843333333333337        9.221495078430852
0.484666666666667         9.23734551721211
0.4850000000000003        9.253226070659691
0.48533333333333367       9.269136824634053
0.48566666666666697       9.285077865473404
0.4860000000000003        9.30104919317775
0.4863333333333337        9.317050894116145
0.486666666666667         9.333083055138069
0.4870000000000003        9.34914567624352
0.48733333333333373       9.365238844313149
0.487666666666667         9.381362646710713
0.4880000000000003        9.397517083436217
0.4883333333333337        9.413702241884916
0.48866666666666697       9.42991820993788
0.4890000000000003        9.44616498759511
0.4893333333333337        9.462442662769503
0.489666666666667         9.478751323862491
0.4900000000000003        9.49509097087408
0.49033333333333373       9.511461692237852
0.49066666666666703       9.527863576878673
0.4910000000000003        9.54429662479654
0.4913333333333337        9.56076092494881
0.491666666666667         9.577256566786852
0.4920000000000003        9.59378355031067
0.4923333333333337        9.610341965004471
0.49266666666666703       9.626931900849238
0.4930000000000003        9.64355335784498
0.49333333333333373       9.66020642600586
0.49366666666666703       9.676891195845608
0.4940000000000003        9.693607667364223
0.4943333333333337        9.71035593110896
0.494666666666667         9.72713607812943
0.49500000000000033       9.743948108425634
0.4953333333333337        9.760792113081052
0.49566666666666703       9.777668183684343
0.49600000000000033       9.794576320235509
0.49633333333333374       9.81151661435742
0.49666666666666703       9.82848915818096
0.49700000000000033       9.84549395170613
0.4973333333333337        9.862531087098377
0.497666666666667         9.87960065703401
0.49800000000000033       9.896702661513027
0.4983333333333337        9.913837193246655
0.49866666666666704       9.93100434545984
0.49900000000000033       9.948204118152587
0.49933333333333363       9.965436604585111
0.4996666666666668        9.982701898534248
0.5                       10
