% Model:              Test 1D axisymetric devoir 2 v2.mph
% Version:            COMSOL 6.0.0.312
% Date:               Oct 28 2022, 16:45
% Dimension:          1
% Nodes:              1501
% Expressions:        1
% Description:        Line graph
% R                       Concentration
0                         1.7948093996250705
3.3333333333333327E-4     1.7948113938457766
6.666666666666665E-4      1.7948173765557565
9.999999999999998E-4      1.7948273477550107
0.001333333333333333      1.7948413074656286
0.0016666666666666663     1.7948592557833343
0.0019999999999999996     1.7948811927081283
0.002333333333333333      1.7949071183236949
0.0026666666666666657     1.7949370327855632
0.002999999999999999      1.794970936093734
0.0033333333333333322     1.7950088283917796
0.0036666666666666653     1.7950507098950814
0.003999999999999998      1.7950965806036403
0.004333333333333331      1.795146440720875
0.0046666666666666645     1.7952002905220148
0.0049999999999999975     1.79525813000706
0.0053333333333333306     1.7953199594392768
0.005666666666666664      1.7953857791537478
0.005999999999999997      1.795455589150473
0.00633333333333333       1.7955293897525726
0.006666666666666663      1.7956071813549925
0.006999999999999996      1.7956889639577327
0.007333333333333329      1.7957747379437774
0.007666666666666662      1.795864503767948
0.007999999999999995      1.7959582614302454
0.008333333333333328      1.7960560113735295
0.008666666666666661      1.7961577541125129
0.008999999999999994      1.7962634896471963
0.009333333333333327      1.7963732184803316
0.00966666666666666       1.7964869411865383
0.009999999999999993      1.7966046577658168
0.010333333333333326      1.7967263687808277
0.01066666666666666       1.7968520748661174
0.010999999999999992      1.796981776021686
0.011333333333333325      1.797115472870121
0.011666666666666659      1.7972531661059161
0.011999999999999992      1.7973948557290715
0.012333333333333325      1.7975405424221238
0.012666666666666656      1.7976902269395358
0.01299999999999999       1.7978439092813077
0.013333333333333324      1.7980015901899478
0.013666666666666657      1.7981632704799138
0.01399999999999999       1.798328950151206
0.014333333333333323      1.798498630006329
0.014666666666666654      1.7986723109197618
0.014999999999999989      1.798849992891505
0.015333333333333322      1.7990316767840868
0.015666666666666655      1.7992173635320368
0.015999999999999986      1.7994070531353556
0.01633333333333332       1.7996007465166235
0.016666666666666653      1.7997984446704522
0.016999999999999984      1.8000001475968415
0.01733333333333332       1.8002058562784555
0.01766666666666665       1.8004155717700203
0.01799999999999998       1.8006292940715358
0.018333333333333313      1.800847024225783
0.018666666666666647      1.8010687633476363
0.01899999999999998       1.8012945114370964
0.019333333333333313      1.8015242695970952
0.019666666666666645      1.8017580390026933
0.019999999999999976      1.801995819653892
0.020333333333333307      1.802237612713811
0.02066666666666664       1.8024834194177373
0.020999999999999974      1.8027332397656703
0.02133333333333331       1.8029870749809587
0.02166666666666664       1.8032449263591548
0.02199999999999997       1.803506793900258
0.022333333333333306      1.8037726788878865
0.022666666666666637      1.8040425826778999
0.02299999999999997       1.804316505270299
0.023333333333333303      1.8045944480090126
0.023666666666666634      1.8048764123102556
0.023999999999999966      1.805162398174028
0.0243333333333333        1.8054524070046152
0.024666666666666632      1.8057464402786325
0.024999999999999963      1.8060444979960804
0.025333333333333298      1.8063465816216486
0.02566666666666663       1.8066526926924014
0.02599999999999996       1.8069628312083394
0.026333333333333292      1.8072769986946053
0.026666666666666623      1.8075951967487645
0.026999999999999958      1.8079174253708172
0.027333333333333293      1.8082436861464106
0.027666666666666624      1.8085739807336632
0.027999999999999955      1.808908309132576
0.02833333333333329       1.8092466729893522
0.028666666666666618      1.8095890740227198
0.028999999999999953      1.80993551223268
0.029333333333333288      1.810285989326048
0.02966666666666662       1.8106405070822176
0.02999999999999995       1.810999065501189
0.030333333333333285      1.8113616663504486
0.030666666666666616      1.8117283114701148
0.030999999999999948      1.8120990008601874
0.03133333333333328       1.8124737363488814
0.031666666666666614      1.8128525198371004
0.031999999999999945      1.8132353513248456
0.03233333333333328       1.8136222327011207
0.032666666666666615      1.8140131659276797
0.032999999999999946      1.8144081510045225
0.033333333333333284      1.8148071898815068
0.033666666666666616      1.8152102845813003
0.03399999999999995       1.8156174351039027
0.034333333333333285      1.8160286434600914
0.03466666666666661       1.8164439117335138
0.03499999999999995       1.8168632399241709
0.035333333333333286      1.8172866301038249
0.03566666666666662       1.8177140844171746
0.03599999999999995       1.8181456028642202
0.03633333333333329       1.8185811875777795
0.03666666666666662       1.8190208407636734
0.03699999999999995       1.8194645624219017
0.03733333333333329       1.8199123547464091
0.03766666666666661       1.8203642200042105
0.03799999999999995       1.8208201581953067
0.03833333333333329       1.8212801715748423
0.03866666666666662       1.8217442624711022
0.03899999999999995       1.8222124308840875
0.03933333333333329       1.8226846791302176
0.03966666666666662       1.8231610095991264
0.03999999999999995       1.823641422290814
0.04033333333333329       1.8241259195830533
0.040666666666666615      1.8246145039269048
0.04099999999999995       1.8251071753223693
0.04133333333333329       1.8256039362086518
0.04166666666666662       1.8261047890983217
0.041999999999999954      1.8266097339913792
0.04233333333333329       1.8271187733885437
0.042666666666666624      1.827631909863977
0.042999999999999955      1.8281491434176795
0.04333333333333329       1.8286704766119684
0.04366666666666662       1.8291959120826824
0.043999999999999956      1.8297254498298228
0.044333333333333294      1.8302590924773896
0.044666666666666625      1.830796842722988
0.04499999999999996       1.8313387005666175
0.045333333333333295      1.831884668694051
0.045666666666666626      1.832434749864748
0.04599999999999996       1.8329889440787093
0.046333333333333296      1.8335472540835671
0.04666666666666662       1.8341096827007284
0.04699999999999996       1.8346762299301942
0.0473333333333333        1.8352468985815504
0.04766666666666663       1.835821691538244
0.04799999999999996       1.8364006088002756
0.0483333333333333        1.8369836532392785
0.04866666666666662       1.8375708278008365
0.04899999999999996       1.83816213248495
0.0493333333333333        1.8387575702253955
0.04966666666666662       1.8393571440299914
0.04999999999999996       1.8399608538987382
0.0503333333333333        1.8405687028276532
0.05066666666666663       1.8411806938868895
0.05099999999999996       1.8417968270764478
0.0513333333333333        1.8424171054546867
0.051666666666666625      1.8430415321541969
0.05199999999999996       1.843670107174978
0.0523333333333333        1.8443028336378327
0.052666666666666626      1.8449397147378919
0.052999999999999964      1.8455807504751565
0.0533333333333333        1.8462259440329767
0.05366666666666663       1.8468752986691312
0.053999999999999965      1.8475288143836204
0.0543333333333333        1.8481864944224489
0.05466666666666663       1.8488483421061512
0.054999999999999966      1.849514357434728
0.055333333333333304      1.850184543716947
0.05566666666666663       1.8508589043362085
0.055999999999999966      1.8515374392925132
0.056333333333333305      1.852220151957503
0.056666666666666636      1.8529070457775572
0.05699999999999997       1.853598120752676
0.057333333333333306      1.854293380317488
0.05766666666666663       1.8549928279814658
0.05799999999999997       1.85569646374461
0.058333333333333307      1.8564042911046503
0.05866666666666663       1.8571163136342699
0.05899999999999997       1.8578325313334687
0.05933333333333331       1.858552947763196
0.05966666666666664       1.859277566559463
0.05999999999999997       1.8600063877222703
0.06033333333333331       1.8607394148759042
0.06066666666666663       1.861476651719827
0.06099999999999997       1.8622180982540388
0.06133333333333331       1.8629637581662841
0.061666666666666634      1.8637136352195998
0.06199999999999997       1.8644677294139853
0.06233333333333331       1.865226044500767
0.06266666666666665       1.86598858430668
0.06299999999999997       1.8667553488317248
0.06333333333333331       1.8675263418909351
0.06366666666666664       1.8683015673748715
0.06399999999999997       1.8690810252835348
0.06433333333333331       1.8698647194957938
0.06466666666666664       1.8706526539661654
0.06499999999999997       1.8714448286946495
0.06533333333333331       1.8722412476240795
0.06566666666666665       1.8730419147730604
0.06599999999999998       1.8738468301415925
0.06633333333333331       1.8746559977366046
0.06666666666666664       1.8754694216409236
0.06699999999999998       1.8762871018545495
0.06733333333333331       1.8771090424486427
0.06766666666666664       1.8779352475703857
0.06799999999999998       1.878765717219779
0.06833333333333332       1.8796004555323504
0.06866666666666665       1.8804394667197777
0.06899999999999998       1.8812827507820613
0.06933333333333332       1.8821303119192336
0.06966666666666664       1.8829821544076082
0.06999999999999998       1.8838382782471859
0.07033333333333332       1.8846986877026441
0.07066666666666664       1.885563387115075
0.07099999999999998       1.8864323764844786
0.07133333333333332       1.8873056601403213
0.07166666666666666       1.8881832424886176
0.07199999999999998       1.8890651235293683
0.07233333333333332       1.8899513076569714
0.07266666666666664       1.8908417993425117
0.07299999999999998       1.8917365985859893
0.07333333333333332       1.8926357098468827
0.07366666666666664       1.8935391376614956
0.07399999999999998       1.8944468820298277
0.07433333333333332       1.8953589474765866
0.07466666666666666       1.8962753386034443
0.07499999999999998       1.8971960554104026
0.07533333333333332       1.898121102487548
0.07566666666666665       1.8990504845020768
0.07599999999999998       1.8999842014539898
0.07633333333333332       1.9009222579989076
0.07666666666666665       1.9018646588697048
0.07699999999999999       1.9028114040663828
0.07733333333333332       1.903762498310251
0.07766666666666666       1.9047179464000208
0.07799999999999999       1.9056777483356933
0.07833333333333332       1.9066419089044258
0.07866666666666665       1.907610432970926
0.07899999999999999       1.9085833205351943
0.07933333333333333       1.909560576450396
0.07966666666666666       1.9105422056473969
0.07999999999999999       1.9115282081261977
0.08033333333333333       1.9125185888061333
0.08066666666666666       1.913513352684393
0.08099999999999999       1.9145124997609773
0.08133333333333333       1.9155160350215548
0.08166666666666665       1.9165239635298046
0.08199999999999999       1.917536285285727
0.08233333333333333       1.918553005341492
0.08266666666666667       1.919574128827437
0.08299999999999999       1.920599655743562
0.08333333333333333       1.9216295912087076
0.08366666666666667       1.9226639404200396
0.08399999999999999       1.9237027033775589
0.08433333333333333       1.9247458852669466
0.08466666666666665       1.9257934913523718
0.08499999999999999       1.9268455216338354
0.08533333333333333       1.927901981364033
0.08566666666666667       1.9289628758743118
0.086                     1.9300282051646727
0.08633333333333333       1.9310979745550014
0.08666666666666667       1.9321721894440023
0.087                     1.9332508498316752
0.08733333333333333       1.9343339611052748
0.08766666666666666       1.9354215287310406
0.088                     1.9365135527089734
0.08833333333333333       1.9376100384938757
0.08866666666666667       1.9387109916197065
0.089                     1.9398164120864654
0.08933333333333333       1.9409263054166865
0.08966666666666667       1.9420406772122314
0.09                      1.9431595274731004
0.09033333333333333       1.944282861789743
0.09066666666666666       1.94541068583211
0.091                     1.9465429996002026
0.09133333333333334       1.947679808752573
0.09166666666666667       1.9488211190274514
0.092                     1.9499669304248373
0.09233333333333334       1.9511172486715767
0.09266666666666667       1.9522720795743689
0.093                     1.953431423133215
0.09333333333333334       1.9545952851434434
0.09366666666666666       1.9557636714804185
0.094                     1.956936582144141
0.09433333333333334       1.9581140229986167
0.09466666666666666       1.95929599998807
0.095                     1.9604825131125017
0.09533333333333334       1.9616735683047921
0.09566666666666668       1.9628691715782238
0.096                     1.9640693229327977
0.09633333333333335       1.965274028370466
0.09666666666666668       1.9664832939737709
0.097                     1.9676971197427127
0.09733333333333334       1.9689155117485178
0.09766666666666667       1.9701384761431897
0.098                     1.9713660129267294
0.09833333333333334       1.9725981282398388
0.09866666666666668       1.9738348283041898
0.099                     1.9750761131197827
0.09933333333333336       1.9763219888970014
0.09966666666666668       1.9775724619273933
0.1                       1.978827532210959
0.10033333333333334       1.9800872060279715
0.10066666666666667       1.981351489740063
0.101                     1.9826203833472344
0.10133333333333334       1.983893893199859
0.10166666666666668       1.9851720257298664
0.10200000000000001       1.986454780937257
0.10233333333333336       1.9877421652427167
0.10266666666666668       1.9890341851486877
0.10300000000000001       1.99033084065517
0.10333333333333335       1.9916321382533775
0.10366666666666667       1.9929380845164804
0.10400000000000001       1.9942486794444798
0.10433333333333335       1.9955639295993337
0.10466666666666669       1.9968838416251617
0.10500000000000001       1.998208415521964
0.10533333333333336       1.9995376579226631
0.10566666666666669       2.0008715755425492
0.10600000000000001       2.002210168381623
0.10633333333333335       2.003553443143993
0.10666666666666667       2.004901406616344
0.10700000000000001       2.006254058798677
0.10733333333333335       2.0076114064665105
0.10766666666666669       2.0089734564781514
0.10800000000000001       2.0103402088336004
0.10833333333333336       2.011711670380014
0.10866666666666669       2.0130878480475496
0.10900000000000001       2.0144687418362075
0.10933333333333335       2.0158543586650106
0.10966666666666668       2.017244705536199
0.11000000000000001       2.0186397824497724
0.11033333333333335       2.020039596396852
0.11066666666666669       2.0214441544519945
0.11100000000000002       2.0228534566151994
0.11133333333333337       2.024267509949921
0.11166666666666669       2.025686321603266
0.11200000000000002       2.0271098915752357
0.11233333333333335       2.028538227001853
0.11266666666666668       2.0299713351030158
0.11300000000000002       2.0314092158787243
0.11333333333333336       2.03285187653781
0.1136666666666667        2.034299324373203
0.11400000000000002       2.035751559384903
0.11433333333333337       2.037208588854792
0.1146666666666667        2.0386704201490744
0.11500000000000002       2.0401370532677516
0.11533333333333336       2.041608495565996
0.11566666666666668       2.043084754483537
0.11600000000000002       2.044565830020374
0.11633333333333336       2.04605172960522
0.1166666666666667        2.0475424607515738
0.11700000000000002       2.0490380234594356
0.11733333333333337       2.050538425231306
0.1176666666666667        2.052043673654706
0.11800000000000002       2.0535537687296355
0.11833333333333336       2.055068718032635
0.11866666666666668       2.0565885292255004
0.11900000000000002       2.058113202308231
0.11933333333333336       2.0596427449316614
0.1196666666666667        2.061177164832118
0.12000000000000002       2.0627164620096012
0.12033333333333338       2.0642606441894937
0.1206666666666667        2.065809719182913
0.12100000000000002       2.0673636869898586
0.12133333333333336       2.0689225554105226
0.12166666666666669       2.070486332331072
0.12200000000000003       2.0720550177515076
0.12233333333333336       2.07362861954709
0.1226666666666667        2.0752071456793013
0.12300000000000003       2.0767905961481423
0.12333333333333338       2.078378978904207
0.1236666666666667        2.0799723019845584
0.12400000000000003       2.081570565389197
0.12433333333333337       2.083173777144317
0.12466666666666669       2.08478194536283
0.12500000000000003       2.086395070044737
0.12533333333333335       2.0880131592921
0.1256666666666667        2.089636221293954
0.12600000000000003       2.0912642560502976
0.12633333333333338       2.092897271739334
0.1266666666666667        2.094535276626491
0.12700000000000003       2.0961782707117695
0.12733333333333335       2.097826262249786
0.1276666666666667        2.0994792595826386
0.12800000000000003       2.101137262710329
0.12833333333333335       2.1028002799641645
0.1286666666666667        2.1044683197631926
0.12900000000000003       2.1061413821074146
0.12933333333333338       2.1078194754051087
0.1296666666666667        2.109502608152554
0.13000000000000003       2.1111907803497516
0.13033333333333336       2.1128840004822314
0.1306666666666667        2.1145822771237888
0.13100000000000003       2.116285610274423
0.13133333333333336       2.117994008497201
0.1316666666666667        2.1197074804437217
0.13200000000000003       2.1214260261139843
0.13233333333333339       2.1231496541488784
0.1326666666666667        2.1248783732780936
0.13300000000000003       2.1266121835016305
0.13333333333333336       2.128351093538492
0.1336666666666667        2.1300951121967504
0.13400000000000004       2.131844239476407
0.13433333333333336       2.133598484174869
0.1346666666666667        2.135357855178889
0.13500000000000004       2.1371223524884675
0.1353333333333334        2.1388919849797112
0.1356666666666667        2.140666761618349
0.13600000000000004       2.1424466824043815
0.13633333333333336       2.144231756292913
0.13666666666666671       2.1460219923289485
0.13700000000000004       2.147817390512489
0.13733333333333336       2.1496179598779364
0.13766666666666671       2.151423709549874
0.13800000000000004       2.1532346395283026
0.1383333333333334        2.155050758927226
0.13866666666666672       2.1568720769511103
0.13900000000000004       2.1586985935999574
0.13933333333333336       2.1605303180676767
0.13966666666666672       2.162367259638928
0.14000000000000004       2.1642094183137117
0.14033333333333337       2.166056803366151
0.14066666666666672       2.167909424161411
0.14100000000000004       2.1697672806994914
0.1413333333333334        2.1716303823350414
0.14166666666666672       2.17349873851404
0.14200000000000004       2.1753723492364894
0.14233333333333337       2.177251223937878
0.14266666666666672       2.1791353721453177
0.14300000000000004       2.18102479385881
0.14333333333333337       2.182919498595
0.14366666666666672       2.1848194959624503
0.14400000000000004       2.1867247859611623
0.1443333333333334        2.1886353781892565
0.14466666666666672       2.1905512823370703
0.14500000000000005       2.1924724984046042
0.14533333333333337       2.1943990360717756
0.14566666666666672       2.1963309051110196
0.14600000000000005       2.1982681055223368
0.14633333333333337       2.2002106470677663
0.14666666666666672       2.202158539602169
0.14700000000000005       2.2041117831255455
0.1473333333333334        2.2060703874823835
0.14766666666666672       2.2080343626102996
0.14800000000000005       2.2100037085092947
0.14833333333333337       2.211978435106636
0.14866666666666672       2.213958552423027
0.14900000000000005       2.21594406045847
0.14933333333333337       2.2179349692233443
0.14966666666666673       2.219931288821778
0.15000000000000005       2.221933019253772
0.1503333333333334        2.2239401706131545
0.15066666666666673       2.225952753087817
0.15100000000000005       2.2279707666777595
0.15133333333333338       2.2299942215605983
0.15166666666666673       2.2320231280083274
0.15200000000000005       2.234057486020947
0.15233333333333338       2.2360973058602025
0.15266666666666673       2.2381425978825362
0.15300000000000005       2.2401933620879477
0.1533333333333334        2.242249608822655
0.15366666666666673       2.2443113485278965
0.15400000000000005       2.246378581203672
0.15433333333333338       2.248451317281019
0.15466666666666673       2.2505295672863195
0.15500000000000005       2.252613331219574
0.15533333333333338       2.254702619596993
0.15566666666666673       2.2567974430304534
0.15600000000000006       2.2588978015199577
0.1563333333333334        2.261003705667237
0.15666666666666673       2.2631151661700253
0.15700000000000006       2.2652321830283215
0.15733333333333338       2.2673547669297376
0.15766666666666673       2.2694829286582188
0.15800000000000006       2.271616668213766
0.1583333333333334        2.273755996370228
0.15866666666666673       2.275900923998124
0.15900000000000006       2.278051451097453
0.1593333333333334        2.2802075885286666
0.15966666666666673       2.2823693472492184
0.16000000000000006       2.28453672725911
0.16033333333333338       2.2867097395057567
0.16066666666666674       2.288888395033918
0.16100000000000006       2.2910726938435944
0.1613333333333334        2.2932626469695343
0.16166666666666674       2.295458265544172
0.16200000000000006       2.2976595495675096
0.1623333333333334        2.299866510161996
0.16266666666666674       2.302079158548116
0.16300000000000006       2.30429749472587
0.16333333333333339       2.3065215299057855
0.16366666666666674       2.3087512753967707
0.16400000000000006       2.310986731198827
0.16433333333333341       2.313227908610933
0.16466666666666674       2.3154748190308037
0.16500000000000006       2.3177274624584383
0.16533333333333342       2.31998585028165
0.16566666666666674       2.3222499939873384
0.16600000000000006       2.3245198935755047
0.1663333333333334        2.3267955605231756
0.16666666666666674       2.329077006406823
0.16700000000000007       2.3313642312264475
0.16733333333333342       2.3336572465486776
0.16766666666666674       2.3359560640399453
0.16800000000000007       2.33826068370025
0.16833333333333342       2.340571117186211
0.16866666666666674       2.3428873762546103
0.16900000000000007       2.345209460905449
0.1693333333333334        2.3475373828857258
0.16966666666666674       2.3498711540429698
0.17000000000000007       2.352210774377182
0.17033333333333342       2.3545562557261355
0.17066666666666674       2.3569076100285047
0.17100000000000007       2.35926483728429
0.17133333333333342       2.3616279494224384
0.17166666666666675       2.363996958473167
0.17200000000000007       2.366371864436477
0.1723333333333334        2.3687526793328906
0.17266666666666675       2.371139415284573
0.17300000000000007       2.3735320722915243
0.17333333333333342       2.3759306624662453
0.17366666666666675       2.378335198023256
0.17400000000000007       2.380745678962557
0.17433333333333342       2.383162117489034
0.17466666666666675       2.3855845259099726
0.17500000000000007       2.388012904225373
0.1753333333333334        2.3904472647329174
0.17566666666666675       2.392887619833068
0.17600000000000007       2.3953339695258262
0.17633333333333343       2.3977863262020818
0.17666666666666675       2.4002447023558933
0.17700000000000007       2.402709097987261
0.17733333333333343       2.4051795255807025
0.17766666666666675       2.4076559977242873
0.17800000000000007       2.4101385144180165
0.1783333333333334        2.412627088240453
0.17866666666666675       2.415121731874104
0.17900000000000008       2.4176224453189703
0.17933333333333343       2.420129241248083
0.17966666666666675       2.4226421324388117
0.18000000000000008       2.425161118891157
0.18033333333333343       2.4276862133730455
0.18066666666666675       2.430217428757137
0.18100000000000008       2.4327547650434336
0.1813333333333334        2.435298235095184
0.18166666666666675       2.437847851880775
0.18200000000000008       2.4404036154002062
0.18233333333333343       2.4429655386124844
0.18266666666666675       2.4455336345821537
0.18300000000000008       2.4481079033092157
0.18333333333333343       2.4506883578488696
0.18366666666666676       2.453275011362258
0.18400000000000008       2.455867863849382
0.1843333333333334        2.458466928462072
0.18466666666666676       2.4610722184585128
0.18500000000000008       2.4636837338387045
0.18533333333333343       2.4663014878515517
0.18566666666666676       2.4689254938527254
0.18600000000000008       2.4715557518422258
0.18633333333333343       2.474192275166478
0.18666666666666676       2.476835077279086
0.18700000000000008       2.4794841581800515
0.1873333333333334        2.482139531313768
0.18766666666666676       2.4848012102322277
0.18800000000000008       2.487469194935431
0.18833333333333344       2.490143498966193
0.18866666666666676       2.492824135975348
0.18900000000000008       2.4955111059628976
0.18933333333333344       2.4982044225705335
0.18966666666666676       2.5009040995483915
0.19000000000000009       2.503610136896472
0.1903333333333334        2.5063225483558047
0.19066666666666676       2.5090413477762876
0.1910000000000001        2.5117665351579217
0.19133333333333344       2.514498124341535
0.19166666666666676       2.5172361292772547
0.1920000000000001        2.519980549965082
0.19233333333333344       2.5227314003461094
0.19266666666666676       2.5254886944711625
0.1930000000000001        2.528252432340242
0.1933333333333334        2.5310226279951755
0.19366666666666676       2.5337992955879582
0.1940000000000001        2.5365824351185906
0.19433333333333344       2.539372060730107
0.19466666666666677       2.5421681866761494
0.1950000000000001        2.5449708129567186
0.19533333333333344       2.5477799538165318
0.19566666666666677       2.550595623611356
0.1960000000000001        2.5534178223411916
0.19633333333333342       2.55624656435292
0.19666666666666677       2.559081864104916
0.1970000000000001        2.56192372159718
0.19733333333333344       2.564772151279239
0.19766666666666677       2.5676271677125624
0.1980000000000001        2.5704887708971507
0.19833333333333344       2.5733569753856638
0.19866666666666677       2.5762317958431553
0.1990000000000001        2.5791132322696266
0.19933333333333342       2.582001299321359
0.19966666666666677       2.584896011767484
0.2000000000000001        2.5877973696080043
0.20033333333333345       2.590705387603316
0.20066666666666677       2.5936200806271277
0.2010000000000001        2.596541448679439
0.20133333333333345       2.599469506625262
0.20166666666666677       2.602404269443379
0.2020000000000001        2.6053457371337916
0.20233333333333342       2.608293924666624
0.20266666666666677       2.6112488471262396
0.2030000000000001        2.6142105045126383
0.20333333333333345       2.6171789119015645
0.20366666666666677       2.6201540844834676
0.2040000000000001        2.6231360222583486
0.20433333333333345       2.626124740408078
0.20466666666666677       2.629120254229704
0.2050000000000001        2.6321225637232266
0.20533333333333342       2.6351316841771566
0.20566666666666678       2.6381476309956526
0.2060000000000001        2.6411704041787165
0.20633333333333345       2.644200019122011
0.20666666666666678       2.647236491337329
0.2070000000000001        2.6502798208246707
0.20733333333333345       2.6533300230873724
0.20766666666666678       2.6563871137453794
0.2080000000000001        2.659451092798693
0.20833333333333343       2.6625219758588443
0.20866666666666678       2.665599778654459
0.2090000000000001        2.6686845011855382
0.20933333333333345       2.6717761591723335
0.20966666666666678       2.6748747684526806
0.2100000000000001        2.677980329026581
0.21033333333333346       2.681092856723538
0.21066666666666678       2.6842123674911296
0.2110000000000001        2.687338861329357
0.21133333333333343       2.690472354177509
0.21166666666666678       2.6936128620934436
0.2120000000000001        2.6967603850771624
0.21233333333333346       2.6999149391782753
0.21266666666666678       2.703076540565463
0.2130000000000001        2.7062451892387265
0.21333333333333346       2.70942090135854
0.21366666666666678       2.7126036932049478
0.2140000000000001        2.715793564777951
0.21433333333333343       2.7189905323494346
0.21466666666666678       2.7221946123113567
0.2150000000000001        2.725405804663719
0.21533333333333346       2.7286241257903607
0.21566666666666678       2.7318495921957098
0.2160000000000001        2.7350822038797653
0.21633333333333346       2.7383219773388796
0.21666666666666679       2.7415689291905005
0.2170000000000001        2.744823059434628
0.21733333333333343       2.7480843846806815
0.21766666666666679       2.751352921659691
0.2180000000000001        2.754628670371657
0.21833333333333346       2.7579116475396255
0.2186666666666668        2.7612018700087724
0.2190000000000001        2.764499337779099
0.21933333333333346       2.767804067687843
0.2196666666666668        2.7711160766948932
0.2200000000000001        2.7744353648002518
0.22033333333333344       2.777761948955915
0.2206666666666668        2.7810958462370596
0.2210000000000001        2.784437056643686
0.22133333333333347       2.7877855972431216
0.2216666666666668        2.791141485226406
0.22200000000000011       2.794504720593539
0.22233333333333347       2.7978753205277562
0.2226666666666668        2.8012533023365367
0.22300000000000011       2.8046386660198817
0.22333333333333344       2.8080314288775146
0.2236666666666668        2.8114316083339386
0.22400000000000012       2.8148392043891555
0.22433333333333347       2.818254234459958
0.2246666666666668        2.821676716088465
0.22500000000000012       2.8251066492746757
0.22533333333333347       2.828544051553045
0.2256666666666668        2.831988940583892
0.22600000000000012       2.835441316367218
0.22633333333333344       2.8389011965557294
0.2266666666666668        2.842368598928545
0.22700000000000012       2.845843523485667
0.22733333333333347       2.849325987998648
0.2276666666666668        2.8528160103660065
0.22800000000000012       2.8563135905877437
0.22833333333333347       2.8598187465548603
0.2286666666666668        2.863331496285879
0.22900000000000012       2.866851839780802
0.22933333333333344       2.8703797950506797
0.2296666666666668        2.873915380234647
0.23000000000000012       2.877458595332704
0.23033333333333347       2.881009458476564
0.2306666666666668        2.8845679879265838
0.23100000000000012       2.888134183682764
0.23133333333333347       2.8917080639980908
0.2316666666666668        2.8952896472547596
0.23200000000000012       2.898878933452771
0.23233333333333345       2.9024759409670002
0.2326666666666668        2.906080688302104
0.23300000000000012       2.909693175458082
0.23333333333333348       2.91331342093232
0.2336666666666668        2.916941443352557
0.23400000000000012       2.920577242718795
0.23433333333333348       2.924220837651553
0.2346666666666668        2.927872246902285
0.23500000000000013       2.9315314704709925
0.23533333333333345       2.9351985271019583
0.2356666666666668        2.938873435670983
0.23600000000000013       2.9425561961780664
0.23633333333333348       2.946246827491891
0.2366666666666668        2.94994534861324
0.23700000000000013       2.9536517595421135
0.23733333333333348       2.9573660792722296
0.2376666666666668        2.961088326929996
0.23800000000000013       2.964818502515414
0.23833333333333345       2.9685566251478774
0.2386666666666668        2.9723027140800657
0.23900000000000013       2.9760567693119797
0.23933333333333348       2.9798188100893377
0.2396666666666668        2.98358885579174
0.24000000000000013       2.9873669064191875
0.24033333333333348       2.991152981344373
0.2406666666666668        2.9949471000744716
0.24100000000000013       2.9987492626094854
0.24133333333333346       3.002559488449736
0.2416666666666668        3.006377797230633
0.24200000000000013       3.0102041889521787
0.24233333333333348       3.014038683242983
0.2426666666666668        3.017881299867355
0.24300000000000013       3.021732038825295
0.24333333333333348       3.0255909198743676
0.2436666666666668        3.0294579629084453
0.24400000000000013       3.0333331679275295
0.24433333333333346       3.037216554818805
0.2446666666666668        3.0411081436063845
0.24500000000000013       3.0450079342902674
0.2453333333333335        3.048915946887932
0.2456666666666668        3.052832201554405
0.24600000000000014       3.056756698289688
0.2463333333333335        3.060689457242228
0.2466666666666668        3.0646304986986483
0.24700000000000014       3.068579822658949
0.24733333333333346       3.072537449403231
0.2476666666666668        3.0765033993503987
0.24800000000000014       3.080477672500453
0.2483333333333335        3.0844602892658317
0.2486666666666668        3.0884512701984113
0.24900000000000014       3.0924506152981923
0.2493333333333335        3.0964583451106424
0.24966666666666681       3.100474480321304
0.2500000000000001        3.1044990209301777
0.25033333333333346       3.1085319876164563
0.25066666666666676       3.112573401200047
0.2510000000000001        3.1166232616809513
0.25133333333333346       3.1206815898727847
0.25166666666666676       3.1247484067305265
0.2520000000000001        3.128823712254176
0.25233333333333346       3.132907527392479
0.2526666666666668        3.136999873236192
0.2530000000000001        3.141100749785315
0.25333333333333347       3.1452101781244313
0.25366666666666676       3.149328179480789
0.2540000000000001        3.153454753854389
0.25433333333333347       3.1575899224663657
0.25466666666666676       3.161733706681177
0.2550000000000001        3.1658861064988235
0.25533333333333347       3.17004714327771
0.2556666666666668        3.174216838520226
0.2560000000000001        3.1783951922263736
0.25633333333333347       3.1825822258925496
0.25666666666666677       3.186777961159805
0.2570000000000001        3.19098239802814
0.25733333333333347       3.195195558132674
0.25766666666666677       3.1994174632538495
0.2580000000000001        3.203648113391667
0.25833333333333347       3.207887530320699
0.2586666666666668        3.2121357359615175
0.2590000000000001        3.216392730314124
0.25933333333333347       3.220658535293282
0.25966666666666677       3.2249331729604345
0.2600000000000001        3.2292166433155827
0.26033333333333347       3.2335089684144234
0.26066666666666677       3.237810170460018
0.2610000000000001        3.2421202494523684
0.2613333333333335        3.2464392275888505
0.2616666666666668        3.2507671272148975
0.2620000000000001        3.2551039483305084
0.2623333333333335        3.2594497132754943
0.26266666666666677       3.2638044445384113
0.2630000000000001        3.268168142119262
0.2633333333333335        3.2725408285010444
0.26366666666666677       3.276922526316205
0.2640000000000001        3.281313235564744
0.2643333333333335        3.2857129788736126
0.2646666666666668        3.290121779019909
0.2650000000000001        3.2945396360036336
0.2653333333333335        3.2989665725964574
0.2656666666666668        3.3034026117209025
0.2660000000000001        3.30784775337697
0.2663333333333335        3.3123020204818205
0.2666666666666668        3.3167654361041783
0.2670000000000001        3.321238000244044
0.2673333333333335        3.3257197359648454
0.26766666666666683       3.330210666482289
0.2680000000000001        3.334710791796376
0.2683333333333335        3.339220135117582
0.2686666666666668        3.3437387198093838
0.26900000000000013       3.3482665458717817
0.2693333333333335        3.3528036366630887
0.2696666666666668        3.3573500156953404
0.27000000000000013       3.361905682968538
0.2703333333333335        3.3664706619896214
0.27066666666666683       3.3710449764199844
0.27100000000000013       3.375628626259628
0.2713333333333335        3.3802216351649177
0.2716666666666668        3.3848240269474044
0.27200000000000013       3.3894358016070907
0.2723333333333335        3.3940569829505693
0.2726666666666668        3.3986875949403563
0.27300000000000013       3.4033276375764543
0.2733333333333335        3.4079771348164907
0.27366666666666684       3.412636110774762
0.27400000000000013       3.417304565451268
0.2743333333333335        3.4219825229554846
0.2746666666666668        3.4266700075543017
0.27500000000000013       3.431367019247722
0.2753333333333335        3.436073582297884
0.2756666666666668        3.4407897211250993
0.27600000000000013       3.445515435729368
0.2763333333333335        3.4502507505263185
0.27666666666666684       3.4549956900905068
0.27700000000000014       3.459750254421933
0.2773333333333335        3.464514468090543
0.2776666666666668        3.469288355825972
0.27800000000000014       3.47407191762822
0.2783333333333335        3.4788651782223843
0.2786666666666668        3.4836681624940176
0.27900000000000014       3.48848087044312
0.2793333333333335        3.493303326950778
0.27966666666666684       3.4981355570593062
0.28000000000000014       3.502977560768705
0.2803333333333335        3.5078293631168953
0.2806666666666668        3.512690989303802
0.28100000000000014       3.5175624393294265
0.2813333333333335        3.522443738389374
0.2816666666666668        3.527334911842035
0.28200000000000014       3.5322359596874104
0.2823333333333335        3.5371469072796464
0.28266666666666684       3.542067780136458
0.28300000000000014       3.546998578257847
0.2833333333333335        3.5519393271573603
0.2836666666666668        3.5568900525129044
0.28400000000000014       3.561850754324481
0.2843333333333335        3.566821458265904
0.2846666666666668        3.571802190176144
0.28500000000000014       3.5767929500552023
0.2853333333333335        3.5817937637380304
0.28566666666666685       3.586804657225539
0.28600000000000014       3.591825630517731
0.2863333333333335        3.5968567096115733
0.2866666666666668        3.6018979206708
0.28700000000000014       3.606949263695412
0.2873333333333335        3.612010764845276
0.2876666666666668        3.617082450447838
0.28800000000000014       3.6221643205030976
0.2883333333333335        3.627256401334711
0.28866666666666685       3.6323587194347255
0.28900000000000015       3.6374712748031435
0.2893333333333335        3.6425940939283015
0.2896666666666668        3.6477272034677526
0.29000000000000015       3.6528706034214973
0.2903333333333335        3.658024320443455
0.2906666666666668        3.663188381357587
0.29100000000000015       3.668362786163895
0.2913333333333335        3.6735475616827866
0.29166666666666685       3.678742734905541
0.29200000000000015       3.6839483058321605
0.2923333333333335        3.689164301450452
0.2926666666666668        3.6943907489199326
0.29300000000000015       3.6996276482406025
0.2933333333333335        3.704875026568587
0.2936666666666668        3.7101329112325594
0.29400000000000015       3.715401302232523
0.2943333333333335        3.7206802268938404
0.29466666666666685       3.725969712715274
0.29500000000000015       3.731269759696825
0.2953333333333335        3.736580395334027
0.2956666666666668        3.741901647296662
0.29600000000000015       3.747233515584731
0.2963333333333335        3.7525760278648717
0.2966666666666668        3.7579292119788272
0.29700000000000015       3.763293067926599
0.2973333333333335        3.768667623546869
0.29766666666666686       3.7740529068542874
0.29800000000000015       3.779448917848856
0.2983333333333335        3.784855684542246
0.2986666666666668        3.790273235122969
0.29900000000000015       3.795701569591026
0.2993333333333335        3.8011407161320316
0.2996666666666668        3.8065907031093156
0.30000000000000016       3.812051530522878
0.3003333333333335        3.8175232267332366
0.30066666666666686       3.8230058202795005
0.30100000000000016       3.8284993111616714
0.3013333333333335        3.834003727916134
0.3016666666666668        3.8395190992587502
0.30200000000000016       3.8450454251895203
0.3023333333333335        3.8505827344216668
0.3026666666666668        3.856131055848779
0.30300000000000016       3.861690389470858
0.3033333333333335        3.867260764178941
0.30366666666666686       3.872842209045327
0.30400000000000016       3.8784347240700177
0.3043333333333335        3.884038338322848
0.3046666666666668        3.889653081055816
0.30500000000000016       3.895278952268922
0.3053333333333335        3.900915981211789
0.3056666666666668        3.9065641973171097
0.30600000000000016       3.912223600584884
0.3063333333333335        3.917894220445516
0.30666666666666687       3.9235760865133944
0.30700000000000016       3.929269198788519
0.3073333333333335        3.9349735868830784
0.3076666666666668        3.9406892805941625
0.30800000000000016       3.946416279921772
0.3083333333333335        3.952154614660888
0.3086666666666668        3.957904314792315
0.30900000000000016       3.9636653803160553
0.3093333333333335        3.9694378412108953
0.30966666666666687       3.975221727642377
0.31000000000000016       3.9810170396105007
0.3103333333333335        3.9868238072788813
0.3106666666666668        3.992642060998823
0.31100000000000017       3.9984718007703264
0.3113333333333335        4.004313056942861
0.3116666666666668        4.010165860054526
0.31200000000000017       4.016030210105323
0.3123333333333335        4.021906137631609
0.31266666666666687       4.027793673359316
0.31300000000000017       4.033692817288447
0.3133333333333335        4.039603600143288
0.3136666666666668        4.0455260528386505
0.31400000000000017       4.051460175374538
0.3143333333333335        4.05740599866421
0.31466666666666687       4.063363553812414
0.31500000000000017       4.06933284081915
0.3153333333333335        4.075313890787707
0.3156666666666669        4.081306735013825
0.31600000000000017       4.087311373497502
0.3163333333333335        4.093327837533118
0.3166666666666668        4.099356158608465
0.31700000000000017       4.105396336723546
0.3173333333333335        4.111448403364891
0.3176666666666669        4.1175123902134265
0.31800000000000017       4.123588297269153
0.3183333333333335        4.129676156211827
0.3186666666666669        4.135775998916584
0.3190000000000002        4.141887825383424
0.3193333333333335        4.148011667486412
0.3196666666666668        4.154147557295975
0.3200000000000002        4.160295494812114
0.3203333333333335        4.166455512104286
0.3206666666666669        4.172627641439307
0.3210000000000002        4.17881188281718
0.3213333333333335        4.185008268503845
0.3216666666666669        4.191216830963604
0.3220000000000002        4.19743757019646
0.3223333333333335        4.203670518665939
0.3226666666666668        4.209915709034938
0.3230000000000002        4.2161731413034556
0.32333333333333353       4.222442848133716
0.3236666666666669        4.228724862388318
0.3240000000000002        4.235019184067261
0.32433333333333353       4.241325846032576
0.3246666666666669        4.2476448813476875
0.3250000000000002        4.253976290012595
0.32533333333333353       4.260320105090255
0.3256666666666668        4.266676359846047
0.3260000000000002        4.273045054279968
0.32633333333333353       4.279426221657031
0.3266666666666669        4.285819895445701
0.3270000000000002        4.292226075645977
0.32733333333333353       4.29864479572606
0.3276666666666669        4.305076089358642
0.3280000000000002        4.311519956543722
0.32833333333333353       4.317976430953833
0.32866666666666683       4.324445546467042
0.3290000000000002        4.330927303083347
0.32933333333333353       4.337421734680766
0.3296666666666669        4.343928875343889
0.3300000000000002        4.350448725072719
0.33033333333333353       4.356981317951908
0.3306666666666669        4.363526688273741
0.3310000000000002        4.37008483603822
0.33133333333333354       4.376655795537795
0.33166666666666683       4.3832396012736154
0.3320000000000002        4.389836253245682
0.33233333333333354       4.396445785955415
0.3326666666666669        4.403068234114002
0.3330000000000002        4.409703597721445
0.33333333333333354       4.416351911489312
0.3336666666666669        4.423013210340013
0.3340000000000002        4.42968749427355
0.33433333333333354       4.436374798212821
0.33466666666666683       4.443075157292654
0.3350000000000002        4.449788571513048
0.33533333333333354       4.456515076009431
0.3356666666666669        4.46325470613024
0.3360000000000002        4.470007461875476
0.33633333333333354       4.476773378594289
0.3366666666666669        4.483552491849936
0.3370000000000002        4.49034480164242
0.33733333333333354       4.497150343535821
0.33766666666666684       4.503969153309431
0.3380000000000002        4.51080123096325
0.33833333333333354       4.517646612277505
0.3386666666666669        4.524505333248744
0.3390000000000002        4.531377393876967
0.33933333333333354       4.538262830159766
0.3396666666666669        4.545161678312176
0.3400000000000002        4.552073938334196
0.34033333333333354       4.558999646442017
0.34066666666666684       4.565938839070388
0.3410000000000002        4.572891516219312
0.34133333333333354       4.579857714324816
0.3416666666666669        4.586837470042611
0.3420000000000002        4.593830783372701
0.34233333333333354       4.60083769097219
0.3426666666666669        4.607858229719008
0.3430000000000002        4.614892399613155
0.34333333333333355       4.621940237534071
0.34366666666666684       4.629001780583159
0.3440000000000002        4.636077028760421
0.34433333333333355       4.643166019168887
0.3446666666666669        4.650268789134703
0.3450000000000002        4.657385338657869
0.34533333333333355       4.664515705066279
0.3456666666666669        4.671659925912094
0.3460000000000002        4.678818001195315
0.34633333333333355       4.685989968469969
0.34666666666666685       4.693175865515521
0.3470000000000002        4.7003756923319715
0.34733333333333355       4.707589486700767
0.3476666666666669        4.714817286629962
0.3480000000000002        4.722059092119557
0.34833333333333355       4.729314941179712
0.3486666666666669        4.73658487204837
0.3490000000000002        4.743868884725532
0.34933333333333355       4.75116701745137
0.34966666666666685       4.75847930869502
0.3500000000000002        4.765805758456485
0.35033333333333355       4.773146405207256
0.3506666666666669        4.780501287648981
0.3510000000000002        4.7878704057816615
0.35133333333333355       4.795253798309424
0.3516666666666669        4.802651504167748
0.3520000000000002        4.8100635233566384
0.35233333333333355       4.8174898948141776
0.35266666666666685       4.824930657711013
0.3530000000000002        4.832385812047145
0.35333333333333355       4.839855396995949
0.3536666666666669        4.847339451964577
0.3540000000000002        4.854837976953029
0.35433333333333356       4.86235101137131
0.3546666666666669        4.869878594864423
0.3550000000000002        4.877420727432369
0.35533333333333356       4.8849774487231326
0.35566666666666685       4.892548798620922
0.3560000000000002        4.900134777125739
0.35633333333333356       4.907735424124904
0.3566666666666669        4.9153507797431955
0.3570000000000002        4.922980843980615
0.35733333333333356       4.9306256569651845
0.3576666666666669        4.938285259063627
0.3580000000000002        4.9459596502759435
0.35833333333333356       4.953648870972229
0.35866666666666686       4.96135296176253
0.3590000000000002        4.969071922646847
0.35933333333333356       4.976805794238733
0.3596666666666669        4.9845546173929485
0.3600000000000002        4.992318392109493
0.36033333333333356       5.0000971592467645
0.3606666666666669        5.007890959905634
0.3610000000000002        5.015699794086105
0.36133333333333356       5.023523702892817
0.36166666666666686       5.0313627276741615
0.3620000000000002        5.039216868430139
0.36233333333333356       5.0470861665130435
0.3626666666666669        5.054970663520198
0.3630000000000002        5.062870359451604
0.36333333333333356       5.070785295908623
0.3636666666666669        5.078715514738935
0.3640000000000002        5.086661015942542
0.36433333333333356       5.094621841371297
0.36466666666666686       5.102598033124671
0.3650000000000002        5.110589591202666
0.36533333333333357       5.118596557709061
0.3656666666666669        5.126618974996556
0.3660000000000002        5.1346568430651525
0.36633333333333357       5.142710204272
0.3666666666666669        5.15077910122448
0.3670000000000002        5.158863533922591
0.36733333333333357       5.166963544978304
0.36766666666666686       5.1750791772551406
0.3680000000000002        5.183210430753098
0.36833333333333357       5.191357348340428
0.3686666666666669        5.199519973138256
0.3690000000000002        5.207698305146584
0.36933333333333357       5.215892387491409
0.3696666666666669        5.224102263552943
0.3700000000000002        5.232327933331186
0.37033333333333357       5.240569440211363
0.37066666666666687       5.248826827834254
0.3710000000000002        5.25710009619986
0.37133333333333357       5.265389288954119
0.3716666666666669        5.273694449999878
0.3720000000000002        5.282015579337138
0.37233333333333357       5.2903527208740435
0.3726666666666669        5.298705918777013
0.3730000000000002        5.307075173046046
0.3733333333333336        5.315460527853003
0.37366666666666687       5.323862027629382
0.3740000000000002        5.332279672375187
0.3743333333333336        5.340713506527505
0.37466666666666687       5.34916357478444
0.3750000000000002        5.357629877145993
0.3753333333333336        5.3661124583160085
0.3756666666666669        5.374611363260724
0.3760000000000002        5.38312659198014
0.37633333333333363       5.39165818944639
0.3766666666666669        5.400206200895387
0.3770000000000002        5.408770626327134
0.3773333333333336        5.417351510983589
0.3776666666666669        5.425948900371895
0.3780000000000002        5.434562794492056
0.3783333333333336        5.4431932388574085
0.37866666666666693       5.451840279247887
0.3790000000000002        5.460503915663494
0.37933333333333363       5.469184193890505
0.37966666666666693       5.477881159983216
0.3800000000000002        5.486594813941626
0.3803333333333336        5.495325201826529
0.3806666666666669        5.50407236996815
0.3810000000000002        5.512836318366494
0.3813333333333336        5.521617093358444
0.38166666666666693       5.5304147415517555
0.38200000000000023       5.53922926294643
0.38233333333333364       5.548060704157034
0.38266666666666693       5.556909112070446
0.38300000000000023       5.565774486686671
0.3833333333333336        5.5746568748995555
0.3836666666666669        5.583556323876713
0.38400000000000023       5.592472833618145
0.3843333333333336        5.601406451298592
0.38466666666666693       5.61035722436802
0.38500000000000023       5.619325152826429
0.38533333333333364       5.628310284131071
0.38566666666666694       5.637312666015889
0.38600000000000023       5.646332298480886
0.3863333333333336        5.655369229267451
0.3866666666666669        5.664423506395147
0.38700000000000023       5.673495129863978
0.3873333333333336        5.682584147701107
0.38766666666666694       5.691690608213367
0.38800000000000023       5.70081451140076
0.38833333333333364       5.709955905577879
0.38866666666666694       5.719114839340478
0.38900000000000023       5.728291312688557
0.3893333333333336        5.7374853742258
0.3896666666666669        5.746697072838552
0.39000000000000024       5.755926408526812
0.3903333333333336        5.76517343018502
0.39066666666666694       5.774438186991791
0.39100000000000024       5.783720678947123
0.39133333333333364       5.7930209552378935
0.39166666666666694       5.802339065336672
0.39200000000000024       5.811675009243461
0.3923333333333336        5.821028836439261
0.3926666666666669        5.830400596692299
0.39300000000000024       5.839790290002576
0.3933333333333336        5.849197966146918
0.39366666666666694       5.858623675190919
0.39400000000000024       5.868067417134582
0.39433333333333365       5.877529242052264
0.39466666666666694       5.887009200308644
0.39500000000000024       5.896507291903727
0.3953333333333336        5.906023567211126
0.3956666666666669        5.915558076896338
0.39600000000000024       5.925110820959363
0.3963333333333336        5.934681850074803
0.39666666666666694       5.94427121521071
0.39700000000000024       5.953878916367086
0.39733333333333365       5.96350500452126
0.39766666666666695       5.973149530945593
0.39800000000000024       5.982812495640084
0.3983333333333336        5.992493949886545
0.3986666666666669        6.002193945263402
0.39900000000000024       6.011912481770657
0.3993333333333336        6.021649610996366
0.39966666666666695       6.031405384826795
0.40000000000000024       6.041179803261946
0.40033333333333365       6.0509729181978935
0.40066666666666695       6.060784781830526
0.40100000000000025       6.070615394159846
0.4013333333333336        6.080464807391729
0.4016666666666669        6.090333074033483
0.40200000000000025       6.100220194085108
0.4023333333333336        6.11012622006408
0.40266666666666695       6.120051204790927
0.40300000000000025       6.129995148265651
0.40333333333333365       6.13995810331913
0.40366666666666695       6.149940123086932
0.40400000000000025       6.159941207569057
0.4043333333333336        6.169961409911605
0.4046666666666669        6.180000783567007
0.40500000000000025       6.190059328535267
0.4053333333333336        6.200137098279531
0.40566666666666695       6.210234146570935
0.40600000000000025       6.220350473409481
0.40633333333333366       6.230486132577204
0.40666666666666695       6.240641178165794
0.40700000000000025       6.250815610175252
0.4073333333333336        6.261009482708349
0.4076666666666669        6.27122285017919
0.40800000000000025       6.281455712587776
0.4083333333333336        6.291708124359479
0.40866666666666696       6.301980140232687
0.40900000000000025       6.312271760207403
0.40933333333333366       6.322583039033471
0.40966666666666696       6.332914031775447
0.41000000000000025       6.343264738433331
0.4103333333333336        6.3536352140833285
0.4106666666666669        6.3640255141180555
0.41100000000000025       6.374435638537514
0.4113333333333336        6.38486564274616
0.41166666666666696       6.395315582466579
0.41200000000000025       6.405785457698772
0.41233333333333366       6.4162753241773585
0.41266666666666696       6.426785237956808
0.41300000000000026       6.43731519903712
0.4133333333333336        6.447865263484994
0.4136666666666669        6.458435487688715
0.41400000000000026       6.469025871648283
0.4143333333333336        6.479636471764406
0.41466666666666696       6.490267344761126
0.41500000000000026       6.500918490638442
0.41533333333333367       6.511589966133015
0.41566666666666696       6.5222818283065935
0.41600000000000026       6.532994077159179
0.4163333333333336        6.543726769765336
0.4166666666666669        6.554479963526488
0.41700000000000026       6.565253658442635
0.4173333333333336        6.576047911928216
0.41766666666666696       6.586862781726298
0.41800000000000026       6.597698267836886
0.41833333333333367       6.6085544280162685
0.41866666666666696       6.61943132035115
0.41900000000000026       6.630328944841533
0.4193333333333336        6.6412473595875445
0.4196666666666669        6.6521866230215325
0.42000000000000026       6.663146735143495
0.4203333333333336        6.674127754399403
0.42066666666666697       6.685129739569251
0.42100000000000026       6.69615269065304
0.42133333333333367       6.707196666444596
0.42166666666666697       6.718261726073589
0.42200000000000026       6.729347869540018
0.4223333333333336        6.740455155987593
0.4226666666666669        6.751583644897694
0.42300000000000026       6.7627333362703235
0.4233333333333336        6.773904289601106
0.42366666666666697       6.785096564725184
0.42400000000000027       6.7963101616425625
0.4243333333333337        6.807545140202836
0.42466666666666697       6.818801560596972
0.42500000000000027       6.830079422824971
0.4253333333333336        6.841378787092466
0.4256666666666669        6.852699713948317
0.42600000000000027       6.864042203392528
0.4263333333333336        6.8754063159888394
0.42666666666666697       6.886792112646099
0.42700000000000027       6.898199593364308
0.4273333333333337        6.9096288190674064
0.427666666666667         6.921079851026322
0.42800000000000027       6.9325526892410565
0.4283333333333336        6.944047394997853
0.4286666666666669        6.955564029931832
0.42900000000000027       6.967102594042996
0.4293333333333336        6.978663148981998
0.429666666666667         6.990245756750283
0.43000000000000027       7.0018504173478515
0.4303333333333337        7.013477192791896
0.430666666666667         7.025126145452319
0.43100000000000027       7.03679727532912
0.4313333333333336        7.048490644808173
0.4316666666666669        7.060206316629985
0.4320000000000003        7.071944290794561
0.4323333333333336        7.083704630058601
0.432666666666667         7.095487397535388
0.4330000000000003        7.107292593224922
0.4333333333333337        7.119120280256903
0.433666666666667         7.130970522119562
0.4340000000000003        7.142843318812902
0.4343333333333336        7.154738733841795
0.4346666666666669        7.166656831071611
0.4350000000000003        7.178597610502352
0.4353333333333336        7.190561136016257
0.435666666666667         7.202547471858038
0.4360000000000003        7.214556618027697
0.4363333333333337        7.226588638787045
0.436666666666667         7.238643598762355
0.4370000000000003        7.250721497953625
0.43733333333333363       7.262822401004456
0.4376666666666669        7.274946372924909
0.4380000000000003        7.287093413714985
0.43833333333333363       7.2992635884023045
0.438666666666667         7.31145696238296
0.4390000000000003        7.323673535656954
0.4393333333333337        7.335913373638169
0.439666666666667         7.348176542110989
0.4400000000000003        7.360463041075418
0.44033333333333363       7.372772936333863
0.44066666666666693       7.385106294061266
0.4410000000000003        7.397463114257631
0.44133333333333363       7.4098434631161645
0.441666666666667         7.422247407204649
0.4420000000000003        7.434674946523091
0.4423333333333337        7.447126147657776
0.442666666666667         7.459601077571637
0.4430000000000003        7.472099736264674
0.44333333333333363       7.484622190718557
0.44366666666666693       7.497168508293673
0.4440000000000003        7.509738688990021
0.44433333333333364       7.5223328001869705
0.444666666666667         7.534950909644686
0.4450000000000003        7.54759301736317
0.4453333333333337        7.560259191121813
0.445666666666667         7.572949499082902
0.4460000000000003        7.5856639412464375
0.44633333333333364       7.598402585794178
0.44666666666666693       7.611165501292885
0.4470000000000003        7.623952687742559
0.44733333333333364       7.636764213729681
0.447666666666667         7.6496001482278535
0.4480000000000003        7.6624604912370815
0.4483333333333337        7.675345311750935
0.448666666666667         7.6882546791522435
0.4490000000000003        7.701188593441011
0.44933333333333364       7.714147124020284
0.44966666666666694       7.72713034068452
0.4500000000000003        7.740138243433717
0.45033333333333364       7.7531709020828
0.450666666666667         7.766228386840261
0.4510000000000003        7.779310697706099
0.4513333333333337        7.79241790490953
0.451666666666667         7.805550079075501
0.4520000000000003        7.818707220204016
0.45233333333333364       7.831889398941008
0.45266666666666694       7.845096686330325
0.4530000000000003        7.858329082371972
0.45333333333333364       7.8715866581310365
0.453666666666667         7.884869485072733
0.4540000000000003        7.898177563197061
0.4543333333333337        7.91151096399073
0.454666666666667         7.9248697593427755
0.4550000000000003        7.938253949253202
0.45533333333333365       7.951663605632807
0.45566666666666694       7.96509880079694
0.4560000000000003        7.978559534745607
0.45633333333333365       7.992045879816179
0.456666666666667         8.005557908752824
0.4570000000000003        8.019095621555541
0.4573333333333337        8.032659090990787
0.457666666666667         8.046248390234055
0.4580000000000003        8.05986351928535
0.45833333333333365       8.073504551342719
0.45866666666666694       8.087171560015516
0.4590000000000003        8.100864545303748
0.45933333333333365       8.114583580839591
0.459666666666667         8.128328740668803
0.4600000000000003        8.142100024791391
0.4603333333333337        8.15589750727621
0.460666666666667         8.169721262607986
0.4610000000000003        8.183571290786722
0.46133333333333365       8.197447666320512
0.46166666666666695       8.21135046413563
0.4620000000000003        8.225279684232081
0.46233333333333365       8.239235401559775
0.462666666666667         8.253217691489121
0.4630000000000003        8.267226554020123
0.4633333333333337        8.281262064547109
0.463666666666667         8.295324298887227
0.4640000000000003        8.30941325704048
0.46433333333333365       8.323529014848223
0.46466666666666695       8.337671648576974
0.4650000000000003        8.351841158226733
0.46533333333333365       8.366037620088502
0.465666666666667         8.380261110880804
0.4660000000000003        8.394511630603645
0.4663333333333337        8.408789256000313
0.466666666666667         8.423094064243996
0.4670000000000003        8.4374260553347
0.46733333333333366       8.45178530647066
0.46766666666666695       8.4661718952824
0.4680000000000003        8.480585821769921
0.46833333333333366       8.49502716358908
0.468666666666667         8.509495998830426
0.4690000000000003        8.523992327493959
0.4693333333333337        8.538516227695848
0.469666666666667         8.55306777798936
0.4700000000000003        8.567646978374505
0.47033333333333366       8.58225390743046
0.47066666666666696       8.596888644175946
0.4710000000000003        8.611551188610969
0.47133333333333366       8.62624161978044
0.471666666666667         8.64096001717127
0.4720000000000003        8.655706380783457
0.4723333333333337        8.670480790130398
0.472666666666667         8.685283325169928
0.4730000000000003        8.700113985902053
0.47333333333333366       8.714972852311401
0.47366666666666696       8.729860004829513
0.4740000000000003        8.744775443456394
0.47433333333333366       8.759719248650674
0.474666666666667         8.774691501320385
0.4750000000000003        8.789692201465533
0.4753333333333337        8.804721430021539
0.475666666666667         8.819779268375733
0.4760000000000003        8.834865716528117
0.47633333333333366       8.849980855893712
0.47666666666666696       8.86512476834196
0.4770000000000003        8.880297453872865
0.47733333333333366       8.895498994383866
0.477666666666667         8.910729472229356
0.4780000000000003        8.92598888740934
0.4783333333333337        8.941277322306517
0.478666666666667         8.956594859763085
0.4790000000000003        8.971941499779044
0.47933333333333367       8.987317325225215
0.47966666666666696       9.002722419434468
0.4800000000000003        9.018156782406809
0.48033333333333367       9.033620497504039
0.480666666666667         9.0491136485526
0.4810000000000003        9.064636235552495
0.4813333333333337        9.080188342359405
0.481666666666667         9.095770053296244
0.4820000000000003        9.111381368363013
0.48233333333333367       9.12702237191218
0.48266666666666697       9.142693148766059
0.4830000000000003        9.15839369892465
0.48333333333333367       9.17412410724013
0.483666666666667         9.18988445903715
0.4840000000000003        9.205674754315714
0.4843333333333337        9.221495078430657
0.484666666666667         9.237345517211919
0.4850000000000003        9.253226070659503
0.48533333333333367       9.26913682463387
0.48566666666666697       9.285077865473225
0.4860000000000003        9.301049193177576
0.4863333333333337        9.317050894115972
0.486666666666667         9.3330830551379
0.4870000000000003        9.349145676243356
0.48733333333333373       9.365238844312989
0.487666666666667         9.381362646710558
0.4880000000000003        9.397517083436068
0.4883333333333337        9.413702241884769
0.48866666666666697       9.429918209937735
0.4890000000000003        9.446164987594972
0.4893333333333337        9.462442662769371
0.489666666666667         9.478751323862364
0.4900000000000003        9.495090970873955
0.49033333333333373       9.51146169223773
0.49066666666666703       9.527863576878556
0.4910000000000003        9.544296624796429
0.4913333333333337        9.560760924948703
0.491666666666667         9.57725656678675
0.4920000000000003        9.59378355031057
0.4923333333333337        9.610341965004373
0.49266666666666703       9.626931900849147
0.4930000000000003        9.643553357844894
0.49333333333333373       9.660206426005777
0.49366666666666703       9.676891195845528
0.4940000000000003        9.693607667364148
0.4943333333333337        9.71035593110889
0.494666666666667         9.727136078129362
0.49500000000000033       9.743948108425572
0.4953333333333337        9.760792113080996
0.49566666666666703       9.777668183684291
0.49600000000000033       9.79457632023546
0.49633333333333374       9.811516614357375
0.49666666666666703       9.828489158180917
0.49700000000000033       9.845493951706091
0.4973333333333337        9.862531087098342
0.497666666666667         9.87960065703398
0.49800000000000033       9.896702661513002
0.4983333333333337        9.913837193246632
0.49866666666666704       9.931004345459822
0.49900000000000033       9.948204118152576
0.49933333333333363       9.965436604585102
0.4996666666666668        9.982701898534243
0.5                       10
